fecha,disp_dec_hidraulica,disp_dec_no_termica,disp_dec_termica,disponibilidad_declarada
2010-01-01,356125.0,102616.66666666667,121611.60714285714,213690.15151515152
2010-01-02,353776.51515151514,102616.66666666667,121633.92857142857,212762.1212121212
2010-01-03,356579.54545454547,102616.66666666667,119455.35714285714,212774.24242424243
2010-01-04,341617.42424242425,102616.66666666667,116611.60714285714,205341.66666666666
2010-01-05,346125.0,102616.66666666667,116613.09523809524,207145.45454545456
2010-01-06,338897.7272727273,104616.66666666667,111611.60714285714,201890.15151515152
2010-01-07,335392.04545454547,104616.66666666667,109104.16666666666,199211.36363636365
2010-01-08,343905.30303030304,105791.66666666666,111769.34523809524,204080.303030303
2010-01-09,339125.0,117200.0,109586.30952380951,202093.9393939394
2010-01-10,332575.75757575757,113066.66666666667,101229.16666666666,194843.9393939394
2010-01-11,339034.0909090909,113066.66666666667,107441.96428571429,200590.15151515152
2010-01-12,334994.3181818182,110666.66666666667,116897.32142857143,203569.696969697
2010-01-13,325534.0909090909,115666.66666666667,116372.0238095238,199972.72727272726
2010-01-14,327435.6060606061,115666.66666666667,111601.19047619049,198304.54545454544
2010-01-15,328715.9090909091,115666.66666666667,111023.80952380951,198522.72727272726
2010-01-16,338500.0,108466.66666666667,111016.36904761905,201778.0303030303
2010-01-17,337678.03030303033,105466.66666666667,117514.88095238095,204484.84848484848
2010-01-18,339821.96969696967,108733.33333333333,115266.36904761905,204494.696969697
2010-01-19,342662.87878787884,106866.66666666667,114163.69047619049,204900.0
2010-01-20,343988.63636363635,110866.66666666667,113815.4761904762,205616.66666666666
2010-01-21,332901.51515151514,106866.66666666667,116514.88095238095,202192.42424242425
2010-01-22,325761.36363636365,104866.66666666667,116555.05952380951,199175.0
2010-01-23,336681.8181818182,99166.66666666667,114269.34523809524,201861.36363636365
2010-01-24,339382.57575757575,99166.66666666667,111913.69047619049,201742.42424242425
2010-01-25,318000.0,103000.0,109683.03571428571,192402.27272727274
2010-01-26,307594.69696969696,104500.0,109626.48809523809,188347.72727272726
2010-01-27,303909.0909090909,103000.0,102968.75,183347.72727272726
2010-01-28,315060.606060606,101166.66666666667,105657.73809523809,189010.60606060608
2010-01-29,320950.75757575757,105000.0,107943.45238095238,192878.7878787879
2010-01-30,301946.96969696967,110000.0,106956.84523809524,185229.54545454544
2010-01-31,307401.51515151514,110000.0,107938.98809523809,187911.36363636365
2010-02-01,347856.0606060606,114000.0,114333.33333333334,207712.1212121212
2010-02-02,333984.84848484845,114000.0,113227.67857142857,201600.75757575757
2010-02-03,332625.0,114000.0,110892.85714285714,199868.18181818182
2010-02-04,329255.6818181818,114000.0,110328.86904761905,198233.33333333334
2010-02-05,341977.2727272727,114000.0,111970.23809523809,204157.57575757575
2010-02-06,325992.42424242425,114000.0,111968.75,197762.8787878788
2010-02-07,336090.9090909091,114000.0,111831.84523809524,201732.57575757575
2010-02-08,337765.1515151515,114000.0,110727.67857142857,201840.15151515152
2010-02-09,325011.36363636365,111000.0,104105.65476190476,193094.696969697
2010-02-10,320553.03030303033,111000.0,104107.14285714286,191312.1212121212
2010-02-11,319242.42424242425,111000.0,105672.61904761905,191584.84848484848
2010-02-12,326134.46969696967,107000.0,104775.29761904762,193521.2121212121
2010-02-13,335077.6515151515,54666.66666666667,99174.10714285714,189489.39393939392
2010-02-14,335984.8484848485,48600.0,86507.44047619049,182852.27272727274
2010-02-15,327803.03030303033,73000.0,103596.7261904762,190497.72727272726
2010-02-16,316946.96969696967,104400.0,108556.54761904762,191534.84848484848
2010-02-17,311744.3181818182,104400.0,109230.65476190476,189796.9696969697
2010-02-18,301941.28787878784,104400.0,105833.33333333334,184146.2121212121
2010-02-19,316992.42424242425,111400.0,108747.0238095238,192286.36363636365
2010-02-20,317128.78787878784,111400.0,102319.94047619049,189068.9393939394
2010-02-21,307492.42424242425,111400.0,97275.29761904762,182646.2121212121
2010-02-22,303604.1666666667,111400.0,106693.45238095238,185885.60606060608
2010-02-23,294147.7272727273,111400.0,113836.30952380951,185739.39393939392
2010-02-24,298399.6212121212,111400.0,107906.25,184421.2121212121
2010-02-25,298628.78787878784,111400.0,105581.84523809524,183329.54545454544
2010-02-26,300852.2727272727,111400.0,107848.21428571429,185372.72727272726
2010-02-27,304090.9090909091,111400.0,111098.21428571429,188322.72727272726
2010-02-28,303909.0909090909,111400.0,107284.2261904762,186308.33333333334
2010-03-01,303159.0909090909,111400.0,111410.71428571429,188109.0909090909
2010-03-02,293439.393939394,111400.0,109184.5238095238,183087.8787878788
2010-03-03,282183.71212121216,106033.33333333334,106502.9761904762,176732.57575757575
2010-03-04,290020.8333333333,111400.0,108485.11904761905,181364.39393939392
2010-03-05,286909.0909090909,111250.0,109855.65476190476,180803.7878787879
2010-03-06,291318.1818181818,111250.0,108447.91666666666,181850.75757575757
2010-03-07,311386.36363636365,114650.0,110218.75,191088.63636363635
2010-03-08,298856.0606060606,114650.0,111851.19047619049,186907.57575757575
2010-03-09,296587.1212121212,114650.0,110220.23809523809,185169.696969697
2010-03-10,296829.54545454547,93000.0,109683.03571428571,183025.0
2010-03-11,294626.893939394,111400.0,109681.54761904762,183815.9090909091
2010-03-12,294998.106060606,111250.0,108702.38095238095,183452.27272727274
2010-03-13,311590.9090909091,120275.0,108605.65476190476,190860.60606060608
2010-03-14,309136.36363636365,120275.0,108569.94047619049,189860.60606060608
2010-03-15,307590.9090909091,116875.0,111998.51190476191,190678.7878787879
2010-03-16,301575.75757575757,104408.33333333333,111998.51190476191,187139.39393939392
2010-03-17,291231.0606060606,103475.0,109485.11904761904,181637.1212121212
2010-03-18,292801.13636363635,120275.0,99403.2738095238,178659.84848484848
2010-03-19,303238.63636363635,113700.0,102700.89285714286,183915.9090909091
2010-03-20,297520.8333333333,120583.33333333333,97940.4761904762,179831.0606060606
2010-03-21,307573.86363636365,120583.33333333333,99183.03571428571,184484.84848484848
2010-03-22,322681.8181818182,119583.33333333333,101921.13095238095,191831.0606060606
2010-03-23,314160.98484848486,119583.33333333333,100293.15476190476,187593.9393939394
2010-03-24,315035.98484848486,119583.33333333333,113130.95238095238,194479.54545454544
2010-03-25,310996.21212121216,119583.33333333333,110773.80952380951,191663.63636363635
2010-03-26,319250.0,119583.33333333333,109806.54761904762,194472.72727272726
2010-03-27,331606.0606060606,119583.33333333333,108191.96428571429,198593.18181818182
2010-03-28,336509.4696969697,48466.66666666667,104279.76190476191,192097.72727272726
2010-03-29,342422.34848484845,38000.0,100839.28571428571,191759.84848484848
2010-03-30,342204.54545454547,38000.0,97866.07142857143,190159.0909090909
2010-03-31,342278.4090909091,37000.0,94316.96428571429,188290.9090909091
2010-04-01,348676.13636363635,54383.33333333333,106998.51190476191,198886.36363636365
2010-04-02,349306.8181818182,117183.33333333333,109619.0476190476,206181.81818181818
2010-04-03,341000.0,117183.33333333333,108604.16666666666,202342.42424242425
2010-04-04,343863.63636363635,117183.33333333333,105876.48809523809,202099.24242424243
2010-04-05,345401.51515151514,117183.33333333333,103877.9761904762,201696.9696969697
2010-04-06,337102.2727272727,120583.33333333333,105840.7738095238,199685.60606060608
2010-04-07,325356.0606060606,121200.0,104056.54761904762,194134.84848484848
2010-04-08,327106.0606060606,121200.0,102880.95238095238,194236.36363636365
2010-04-09,327015.1515151515,121200.0,104061.01190476191,194800.75757575757
2010-04-10,326488.63636363635,120583.33333333333,105241.07142857143,195134.84848484848
2010-04-11,326261.36363636365,117183.33333333333,103724.70238095238,193962.8787878788
2010-04-12,325363.63636363635,117183.33333333333,100211.30952380951,191815.15151515152
2010-04-13,315928.03030303033,113700.0,101017.85714285714,188134.84848484848
2010-04-14,319924.24242424243,113700.0,100962.79761904762,189705.303030303
2010-04-15,320833.3333333333,113700.0,102267.85714285714,190733.33333333334
2010-04-16,325297.3484848485,113700.0,102130.95238095238,192449.24242424243
2010-04-17,332106.0606060606,109866.66666666667,106952.38095238095,197278.7878787879
2010-04-18,333954.54545454547,107566.66666666666,106953.86904761905,197809.84848484848
2010-04-19,326943.1818181818,119750.0,102739.58333333334,193967.42424242425
2010-04-20,315886.36363636365,119750.0,105095.23809523809,190743.9393939394
2010-04-21,315717.80303030304,120583.33333333333,107630.95238095238,192043.18181818182
2010-04-22,304946.96969696967,120583.33333333333,107630.95238095238,187734.84848484848
2010-04-23,308772.7272727273,120583.33333333333,104166.66666666666,187501.51515151517
2010-04-24,285337.1212121212,120583.33333333333,104147.32142857143,178117.42424242425
2010-04-25,290590.9090909091,120583.33333333333,99574.40476190476,177890.9090909091
2010-04-26,321314.393939394,120583.33333333333,100258.92857142857,190528.7878787879
2010-04-27,324878.78787878784,120583.33333333333,106501.48809523809,195132.57575757575
2010-04-28,327227.2727272727,120583.33333333333,102730.65476190476,194152.27272727274
2010-04-29,328515.1515151515,120583.33333333333,102108.63095238095,194350.75757575757
2010-04-30,341159.0909090909,120583.33333333333,101752.9761904762,199227.27272727274
2010-05-01,357431.8181818182,120583.33333333333,102392.85714285714,206062.1212121212
2010-05-02,351840.9090909091,120583.33333333333,102400.29761904762,203829.54545454544
2010-05-03,357681.8181818182,120583.33333333333,97660.71428571429,203753.0303030303
2010-05-04,343884.46969696967,120583.33333333333,100398.80952380951,199628.0303030303
2010-05-05,338748.106060606,120583.33333333333,101569.94047619049,198169.696969697
2010-05-06,338956.4393939394,121200.0,105046.13095238095,200078.7878787879
2010-05-07,354833.3333333334,121200.0,102976.19047619049,205375.75757575757
2010-05-08,355500.0,87800.0,108325.89285714286,205329.54545454544
2010-05-09,354969.696969697,87800.0,109861.60714285714,205899.24242424243
2010-05-10,347416.6666666667,87800.0,101276.78571428571,198507.57575757575
2010-05-11,344681.8181818182,121200.0,103011.90476190476,201333.33333333334
2010-05-12,348439.393939394,120583.33333333333,108702.38095238095,205677.27272727274
2010-05-13,318223.48484848486,120583.33333333333,110732.14285714286,194624.24242424243
2010-05-14,318655.30303030304,120583.33333333333,110468.75,194662.8787878788
2010-05-15,319409.0909090909,120583.33333333333,110888.39285714286,195178.0303030303
2010-05-16,320636.36363636365,120583.33333333333,111549.10714285714,196005.303030303
2010-05-17,326863.63636363635,120583.33333333333,111842.26190476191,198645.45454545456
2010-05-18,319554.92424242425,120583.33333333333,109699.40476190476,194631.0606060606
2010-05-19,309168.5606060606,120583.33333333333,107449.40476190476,189331.0606060606
2010-05-20,318327.6515151515,120583.33333333333,106755.9523809524,192641.66666666666
2010-05-21,323045.45454545453,120583.33333333333,107022.32142857143,194664.39393939392
2010-05-22,319818.1818181818,120583.33333333333,109375.0,194571.2121212121
2010-05-23,320000.0,120583.33333333333,109375.0,194643.9393939394
2010-05-24,337107.95454545453,120583.33333333333,109324.40476190476,201461.36363636365
2010-05-25,345719.696969697,120583.33333333333,109324.40476190476,204906.0606060606
2010-05-26,355107.95454545453,120583.33333333333,109452.38095238096,208726.51515151517
2010-05-27,350287.87878787884,120583.33333333333,109452.38095238096,206798.48484848483
2010-05-28,359272.7272727273,120583.33333333333,109589.28571428571,210462.1212121212
2010-05-29,361325.75757575757,120583.33333333333,109230.65476190476,211100.75757575757
2010-05-30,357136.36363636365,120583.33333333333,109230.65476190476,209425.0
2010-05-31,352607.95454545453,120583.33333333333,109339.28571428571,207668.9393939394
2010-06-01,344666.6666666666,120583.33333333333,106078.86904761905,202832.57575757575
2010-06-02,338045.45454545453,120583.33333333333,100252.9761904762,197218.18181818182
2010-06-03,338727.2727272727,120583.33333333333,100337.79761904762,197534.0909090909
2010-06-04,345787.87878787884,120583.33333333333,101675.59523809524,201039.39393939392
2010-06-05,343613.63636363635,120583.33333333333,89895.83333333334,194172.72727272726
2010-06-06,343613.63636363635,120583.33333333333,85802.08333333334,192088.63636363635
2010-06-07,346000.0,121600.0,88236.60714285714,194375.0
2010-06-08,339759.46969696967,121600.0,95422.61904761905,195537.1212121212
2010-06-09,323670.45454545453,121600.0,95418.15476190476,189099.24242424243
2010-06-10,327043.5606060606,121600.0,95416.66666666666,190447.72727272726
2010-06-11,335045.45454545453,121600.0,97845.23809523809,194884.84848484848
2010-06-12,340772.7272727273,121600.0,97845.23809523809,197175.75757575757
2010-06-13,340318.1818181818,121600.0,99113.09523809524,197639.39393939392
2010-06-14,334954.54545454547,121600.0,102480.65476190476,197208.33333333334
2010-06-15,335037.8787878788,121600.0,102912.20238095238,197461.36363636365
2010-06-16,339772.7272727273,121600.0,102913.69047619049,199356.0606060606
2010-06-17,345081.4393939394,121600.0,103819.94047619049,201940.9090909091
2010-06-18,351818.1818181818,121600.0,108342.26190476191,206937.8787878788
2010-06-19,351136.36363636365,121600.0,110877.9761904762,207956.0606060606
2010-06-20,351045.45454545453,121600.0,110772.32142857143,207865.9090909091
2010-06-21,344600.3787878788,105733.33333333333,110772.32142857143,203845.45454545456
2010-06-22,337573.86363636365,99200.0,109482.14285714286,199784.0909090909
2010-06-23,341890.1515151515,99200.0,110623.51190476191,202091.66666666666
2010-06-24,346812.5,99200.0,110623.51190476191,204060.60606060608
2010-06-25,345937.5,99200.0,110385.41666666667,203589.39393939392
2010-06-26,347409.0909090909,99200.0,110623.51190476191,204299.24242424243
2010-06-27,347136.36363636365,99200.0,110772.32142857143,204265.9090909091
2010-06-28,351928.03030303033,99200.0,110623.51190476191,206106.81818181818
2010-06-29,347079.54545454547,114450.0,110772.32142857143,205629.54545454544
2010-06-30,339414.7727272727,120916.66666666666,110625.0,203076.51515151517
2010-07-01,338971.5909090909,120916.66666666666,108421.13095238095,201777.27272727274
2010-07-02,344145.8333333333,97658.33333333334,108416.66666666666,201730.303030303
2010-07-03,349272.7272727273,87800.0,98059.5238095238,197612.1212121212
2010-07-04,349545.45454545453,87800.0,98058.03571428571,197720.45454545456
2010-07-05,349545.45454545453,87800.0,93589.28571428571,195445.45454545456
2010-07-06,345310.6060606061,87800.0,108416.66666666666,201300.0
2010-07-07,339556.8181818182,87800.0,108416.66666666666,198998.48484848483
2010-07-08,338568.1818181818,87800.0,108416.66666666666,198603.0303030303
2010-07-09,350456.4393939394,87800.0,108415.17857142857,203357.57575757575
2010-07-10,351863.63636363635,87800.0,108413.69047619049,203919.696969697
2010-07-11,342954.54545454547,87800.0,108419.64285714286,200359.0909090909
2010-07-12,344151.51515151514,110491.66666666667,108421.13095238095,202901.51515151517
2010-07-13,333384.46969696967,121600.0,108401.78571428571,199594.696969697
2010-07-14,334250.0,121600.0,108419.64285714286,199950.0
2010-07-15,345465.9090909091,121600.0,108419.64285714286,204436.36363636365
2010-07-16,346696.96969696967,120983.33333333334,108419.64285714286,204872.72727272726
2010-07-17,346833.3333333333,121600.0,108419.64285714286,204983.33333333334
2010-07-18,347515.1515151515,120983.33333333334,108419.64285714286,205200.0
2010-07-19,343181.8181818182,121600.0,106802.08333333334,202699.24242424243
2010-07-20,346954.54545454547,107600.0,107909.2261904762,203499.24242424243
2010-07-21,346357.95454545453,99200.0,107909.2261904762,202496.9696969697
2010-07-22,348706.4393939394,99200.0,107910.71428571429,203437.1212121212
2010-07-23,349954.54545454547,99200.0,107726.19047619049,203842.42424242425
2010-07-24,360454.54545454547,99200.0,107648.80952380951,208003.0303030303
2010-07-25,333636.36363636365,99200.0,108156.25,197534.0909090909
2010-07-26,360590.9090909091,99200.0,108156.25,208315.9090909091
2010-07-27,357090.9090909091,99200.0,108842.26190476191,207265.15151515152
2010-07-28,354672.34848484845,99200.0,113123.51190476191,208477.27272727274
2010-07-29,356142.04545454547,99200.0,113123.51190476191,209065.15151515152
2010-07-30,357378.78787878784,95566.66666666667,113125.0,209230.303030303
2010-07-31,339136.36363636365,99200.0,105419.64285714286,198340.9090909091
2010-08-01,363000.0,99200.0,110397.32142857143,210420.45454545456
2010-08-02,357424.24242424243,99200.0,113133.92857142857,209583.33333333334
2010-08-03,355776.51515151514,99200.0,113129.46428571429,208921.9696969697
2010-08-04,359287.8787878788,65400.0,112965.7738095238,207170.45454545456
2010-08-05,357333.3333333333,65400.0,113205.35714285714,206510.60606060608
2010-08-06,367363.63636363635,65400.0,113205.35714285714,210522.72727272726
2010-08-07,367409.0909090909,65400.0,113203.86904761905,210540.15151515152
2010-08-08,367272.7272727273,65400.0,111061.01190476191,209394.696969697
2010-08-09,366818.1818181818,65400.0,113203.86904761905,210303.7878787879
2010-08-10,356973.48484848486,65400.0,110953.86904761905,205220.45454545456
2010-08-11,352727.2727272727,65400.0,110483.63095238096,203282.57575757575
2010-08-12,341409.0909090909,65400.0,110952.38095238095,198993.9393939394
2010-08-13,344297.3484848485,65400.0,99020.83333333334,194075.0
2010-08-14,353066.28787878784,65400.0,99016.36904761905,197580.303030303
2010-08-15,352958.3333333333,65400.0,101266.36904761905,198682.57575757575
2010-08-16,351678.0303030303,65400.0,96247.0238095238,195615.15151515152
2010-08-17,345054.92424242425,65400.0,111205.35714285714,200581.0606060606
2010-08-18,337327.65151515155,65400.0,108270.83333333333,195996.2121212121
2010-08-19,339291.6666666667,65400.0,108684.5238095238,196992.42424242425
2010-08-20,332236.74242424243,65400.0,108681.5476190476,194168.9393939394
2010-08-21,344545.45454545453,65400.0,110683.03571428571,200111.36363636365
2010-08-22,347545.45454545453,65400.0,105474.70238095238,198659.84848484848
2010-08-23,352145.8333333333,65400.0,105184.5238095238,200352.27272727274
2010-08-24,347797.34848484845,65400.0,105183.03571428571,198612.1212121212
2010-08-25,350287.8787878788,65400.0,103135.41666666666,198565.9090909091
2010-08-26,355689.393939394,65400.0,102058.03571428571,200178.0303030303
2010-08-27,359625.0,65400.0,99857.14285714286,200631.81818181818
2010-08-28,361500.0,65400.0,92931.54761904762,197856.0606060606
2010-08-29,361500.0,81583.33333333334,92931.54761904762,199327.27272727274
2010-08-30,361772.7272727273,81583.33333333334,91900.29761904762,198911.36363636365
2010-08-31,352321.96969696967,81583.33333333334,94150.29761904762,196276.51515151517
2010-09-01,361070.07575757575,81583.33333333334,99120.53571428571,202306.0606060606
2010-09-02,370954.54545454547,65400.0,96669.64285714286,203540.9090909091
2010-09-03,371227.2727272727,81583.33333333334,97550.59523809524,205569.696969697
2010-09-04,371545.45454545453,65400.0,96096.7261904762,203485.60606060608
2010-09-05,371681.8181818182,65400.0,96096.7261904762,203540.15151515152
2010-09-06,354863.63636363635,65400.0,96037.20238095238,196782.57575757575
2010-09-07,351545.45454545453,81583.33333333334,96252.9761904762,197036.36363636365
2010-09-08,352717.803030303,80650.0,98322.91666666666,198474.24242424243
2010-09-09,354090.9090909091,87800.0,98473.21428571429,199750.0
2010-09-10,364840.9090909091,87800.0,98285.71428571429,203954.54545454544
2010-09-11,361030.30303030304,87800.0,96555.05952380951,201549.24242424243
2010-09-12,363272.7272727273,87800.0,100029.76190476191,204215.15151515152
2010-09-13,352928.03030303033,87800.0,97178.57142857143,198625.75757575757
2010-09-14,339446.96969696967,87800.0,91788.69047619049,190489.39393939392
2010-09-15,344975.3787878788,87800.0,99110.11904761905,196428.0303030303
2010-09-16,347083.3333333333,87800.0,102718.75,199108.33333333334
2010-09-17,348454.54545454547,86800.0,102717.26190476191,199565.15151515152
2010-09-18,346018.9393939394,111900.0,100592.26190476191,199790.9090909091
2010-09-19,340897.7272727273,111900.0,94877.9761904762,194833.33333333334
2010-09-20,348136.36363636365,111900.0,91425.59523809524,195971.2121212121
2010-09-21,333751.893939394,120350.0,92913.69047619049,191743.18181818182
2010-09-22,329547.3484848485,121600.0,89711.30952380951,188544.696969697
2010-09-23,332000.0,121600.0,87809.5238095238,188557.57575757575
2010-09-24,336878.78787878784,102158.33333333334,79632.44047619049,184578.7878787879
2010-09-25,337763.25757575757,101166.66666666666,81968.75,186031.81818181818
2010-09-26,341488.63636363635,101166.66666666666,87183.03571428571,190176.51515151517
2010-09-27,347681.8181818182,121600.0,90595.23809523809,196248.48484848483
2010-09-28,331657.19696969696,87800.0,90593.75,186765.15151515152
2010-09-29,330454.54545454547,121600.0,90593.75,189356.81818181818
2010-09-30,334524.6212121212,121600.0,90016.36904761905,190690.9090909091
2010-10-01,340812.5,121600.0,97702.38095238095,197118.9393939394
2010-10-02,346196.96969696967,94841.66666666666,93239.58333333334,194568.18181818182
2010-10-03,339678.03030303033,99066.66666666666,93239.58333333334,192344.696969697
2010-10-04,337426.13636363635,121600.0,86005.95238095238,189809.84848484848
2010-10-05,331189.393939394,90200.0,95845.23809523809,189469.696969697
2010-10-06,330564.393939394,56400.0,92684.5238095238,184537.8787878788
2010-10-07,324611.74242424243,56400.0,97863.09523809524,184793.18181818182
2010-10-08,337242.42424242425,25000.0,92904.76190476191,184466.66666666666
2010-10-09,340318.1818181818,25000.0,89760.41666666666,184096.2121212121
2010-10-10,336954.54545454547,25000.0,83903.2738095238,179768.9393939394
2010-10-11,329094.69696969696,25000.0,89535.71428571429,179492.42424242425
2010-10-12,328365.53030303033,25000.0,85072.91666666666,176928.7878787879
2010-10-13,337714.01515151514,40700.0,93206.84523809524,186236.36363636365
2010-10-14,331534.0909090909,56400.0,93921.13095238095,185555.303030303
2010-10-15,321206.4393939394,56400.0,94675.59523809524,181808.33333333334
2010-10-16,314545.45454545453,56400.0,90825.89285714286,177184.0909090909
2010-10-17,318246.21212121216,87800.0,90528.2738095238,181367.42424242425
2010-10-18,330274.6212121212,87800.0,90528.2738095238,186178.7878787879
2010-10-19,329753.78787878784,87800.0,90235.11904761905,185821.2121212121
2010-10-20,344892.04545454547,87800.0,94869.04761904762,194235.60606060608
2010-10-21,347227.2727272727,86800.0,86659.2261904762,190899.24242424243
2010-10-22,347363.63636363635,87800.0,86855.65476190476,191144.696969697
2010-10-23,347363.63636363635,87800.0,92034.2261904762,193781.0606060606
2010-10-24,305515.1515151515,87800.0,93699.40476190476,177889.39393939392
2010-10-25,308446.96969696967,87800.0,92046.13095238095,178220.45454545456
2010-10-26,309176.13636363635,87800.0,92983.63095238095,178989.39393939392
2010-10-27,308784.0909090909,87800.0,92785.71428571429,178731.81818181818
2010-10-28,305356.0606060606,87800.0,94816.96428571429,178394.696969697
2010-10-29,308500.0,87800.0,95897.32142857143,180202.27272727274
2010-10-30,308500.0,87800.0,103139.88095238095,183889.39393939392
2010-10-31,307954.54545454547,87800.0,103136.90476190476,183669.696969697
2010-11-01,307166.6666666666,87800.0,103136.90476190476,183354.54545454544
2010-11-02,307454.54545454547,87800.0,102816.96428571429,183306.81818181818
2010-11-03,305715.9090909091,87800.0,103392.85714285714,182904.54545454544
2010-11-04,303405.30303030304,87800.0,98044.64285714286,179257.57575757575
2010-11-05,304636.36363636365,87800.0,96147.32142857143,178784.0909090909
2010-11-06,299337.1212121212,87800.0,94727.67857142857,175941.66666666666
2010-11-07,292681.8181818182,87800.0,98799.10714285714,175352.27272727274
2010-11-08,287691.28787878784,87800.0,97184.5238095238,172534.0909090909
2010-11-09,285636.36363636365,87800.0,98120.53571428571,172188.63636363635
2010-11-10,338511.36363636365,87800.0,94282.73809523809,191384.84848484848
2010-11-11,333848.48484848486,87800.0,100770.83333333334,192822.72727272726
2010-11-12,343318.1818181818,87800.0,100592.26190476191,196519.696969697
2010-11-13,344979.1666666667,87800.0,94735.11904761905,194202.27272727274
2010-11-14,342397.7272727273,87800.0,102665.17857142857,197206.81818181818
2010-11-15,347899.6212121212,87800.0,95462.7976190476,195740.9090909091
2010-11-16,356119.3181818182,87800.0,95464.28571428571,199029.54545454544
2010-11-17,356287.8787878788,87800.0,95452.38095238095,199090.9090909091
2010-11-18,352607.95454545453,56400.0,100273.80952380951,197218.9393939394
2010-11-19,359727.2727272727,56400.0,98095.23809523809,198957.57575757575
2010-11-20,357712.1212121212,56400.0,92209.82142857143,195155.303030303
2010-11-21,360136.36363636365,56400.0,90464.28571428571,195236.36363636365
2010-11-22,363420.45454545453,87800.0,88321.42857142857,198313.63636363635
2010-11-23,359509.46969696967,87800.0,92858.63095238095,199059.0909090909
2010-11-24,356318.1818181818,87800.0,92715.7738095238,197709.84848484848
2010-11-25,358600.3787878788,87800.0,91980.65476190476,198248.48484848483
2010-11-26,360655.30303030304,87800.0,95433.03571428571,200828.0303030303
2010-11-27,363727.2727272727,87800.0,107261.90476190476,208078.7878787879
2010-11-28,363863.63636363635,87800.0,99577.38095238095,204221.2121212121
2010-11-29,363863.63636363635,109750.0,105901.78571428571,211282.40740740742
2010-11-30,363863.63636363635,109750.0,110596.7261904762,213716.82098765433
2010-12-01,362359.8484848485,109000.0,109163.79310344828,212308.64197530862
2010-12-02,364500.0,109000.0,109094.8275862069,213143.5185185185
2010-12-03,362719.69696969696,109000.0,112132.18390804598,214049.38271604938
2010-12-04,361301.13636363635,109000.0,112920.97701149425,213895.06172839509
2010-12-05,364685.606060606,109000.0,112920.97701149425,215273.9197530864
2010-12-06,364958.3333333333,109000.0,112920.97701149425,215385.03086419753
2010-12-07,369392.04545454547,109000.0,112265.80459770115,216839.50617283952
2010-12-08,365143.9393939394,109000.0,112265.80459770115,215108.7962962963
2010-12-09,364500.0,109000.0,112265.80459770115,214846.45061728396
2010-12-10,367939.393939394,109000.0,109989.94252873564,215025.46296296295
2010-12-11,361568.1818181818,109000.0,112265.80459770115,213652.00617283952
2010-12-12,365280.30303030304,109000.0,112265.80459770115,215164.35185185185
2010-12-13,363954.54545454547,109000.0,112265.80459770115,214624.22839506174
2010-12-14,368918.5606060606,109000.0,112265.80459770115,216646.6049382716
2010-12-15,371590.9090909091,109000.0,114334.77011494254,218846.45061728396
2010-12-16,371590.9090909091,109000.0,114334.77011494254,218846.45061728396
2010-12-17,367424.24242424243,109000.0,111975.57471264368,215881.94444444444
2010-12-18,364136.36363636365,109000.0,112264.36781609195,214697.53086419753
2010-12-19,356500.0,109000.0,112258.62068965517,211583.33333333334
2010-12-20,358312.5,109000.0,112257.18390804598,212320.987654321
2010-12-21,357043.5606060606,109000.0,112258.62068965517,211804.7839506173
2010-12-22,363931.8181818182,109000.0,112257.18390804598,214610.33950617284
2010-12-23,371545.45454545453,109000.0,110729.88505747126,216891.97530864197
2010-12-24,371772.7272727273,109000.0,110728.44827586207,216983.7962962963
2010-12-25,371545.45454545453,104666.66666666667,112797.41379310345,217761.57407407407
2010-12-26,367772.7272727273,104666.66666666667,112797.41379310345,216224.53703703705
2010-12-27,367772.7272727273,104666.66666666667,114454.02298850575,217114.19753086418
2010-12-28,362454.54545454547,109000.0,108716.9540229885,212107.25308641975
2010-12-29,358681.8181818182,109000.0,104966.9540229885,208556.32716049382
2010-12-30,355227.2727272727,104666.66666666667,107675.28735632185,208362.65432098767
2010-12-31,363318.1818181818,104666.66666666667,112034.4827586207,214000.0
2011-01-01,407368.4210526316,104666.66666666667,116058.03571428571,226072.5
2011-01-02,412000.0,104666.66666666667,116022.32142857143,227812.5
2011-01-03,412000.0,104666.66666666667,113915.17857142857,226632.5
2011-01-04,390302.63157894736,104666.66666666667,113915.17857142857,218387.5
2011-01-05,386782.8947368421,104666.66666666667,113915.17857142857,217050.0
2011-01-06,395105.2631578947,104666.66666666667,113916.66666666666,220213.3333333333
2011-01-07,395105.2631578947,104666.66666666667,113773.80952380951,220133.3333333333
2011-01-08,395105.2631578947,104666.66666666667,113916.66666666666,220213.3333333333
2011-01-09,391842.1052631579,104666.66666666667,113916.66666666666,218973.3333333333
2011-01-10,390631.5789473684,104666.66666666667,113916.66666666666,218513.3333333333
2011-01-11,379291.6666666667,104666.66666666667,116023.80952380951,218598.03921568627
2011-01-12,376060.4166666667,104666.66666666667,116025.29761904762,217331.69934640522
2011-01-13,372545.8333333334,104666.66666666667,113772.32142857143,214716.50326797384
2011-01-14,369835.4166666667,104666.66666666667,116020.83333333334,214888.07189542483
2011-01-15,372850.0,104666.66666666667,116773.80952380951,216483.66013071896
2011-01-16,371787.5,104666.66666666667,118163.69047619049,216830.06535947713
2011-01-17,367506.25,104666.66666666667,116209.82142857143,214078.431372549
2011-01-18,350706.25,104666.66666666667,114961.30952380951,206804.7385620915
2011-01-19,347383.3333333334,104666.66666666667,113912.20238095238,204925.65359477125
2011-01-20,352164.5833333333,104666.66666666667,112324.40476190476,205928.92156862744
2011-01-21,366058.3333333334,104666.66666666667,115607.14285714286,213179.7385620915
2011-01-22,365766.6666666666,104666.66666666667,117074.40476190476,213870.91503267974
2011-01-23,367366.6666666666,104666.66666666667,118275.29761904762,215157.6797385621
2011-01-24,366154.1666666666,104666.66666666667,115989.58333333334,213427.28758169935
2011-01-25,359706.25,104666.66666666667,118273.80952380951,212152.77777777775
2011-01-26,353941.6666666666,104666.66666666667,114470.23809523809,207803.92156862744
2011-01-27,371293.75,104666.66666666667,119166.66666666666,217187.09150326796
2011-01-28,384662.5,104666.66666666667,118319.44444444444,224037.5
2011-01-29,388450.0,104666.66666666667,116479.16666666666,222439.54248366013
2011-01-30,398600.0,104666.66666666667,113377.9761904762,224717.3202614379
2011-01-31,382706.25,104666.66666666667,111236.60714285714,217308.82352941178
2011-02-01,373166.6666666666,104666.66666666667,111358.63095238095,213634.80392156861
2011-02-02,364143.75,104666.66666666667,104470.23809523809,206314.54248366013
2011-02-03,367175.0,104666.66666666667,109111.60714285714,210051.4705882353
2011-02-04,363325.0,104666.66666666667,109683.03571428571,208855.39215686274
2011-02-05,362931.25,104666.66666666667,114861.60714285714,211544.11764705883
2011-02-06,362550.0,104666.66666666667,115075.89285714286,211512.25490196078
2011-02-07,367618.75,104666.66666666667,113174.10714285714,212455.88235294117
2011-02-08,373872.9166666667,104666.66666666667,117238.09523809524,217139.70588235295
2011-02-09,375135.4166666667,104666.66666666667,119976.19047619049,219138.07189542483
2011-02-10,370139.5833333333,104666.66666666667,120005.95238095238,217195.2614379085
2011-02-11,370575.0,104666.66666666667,120217.26190476191,217482.02614379086
2011-02-12,369400.0,104666.66666666667,120217.26190476191,217021.24183006538
2011-02-13,357750.0,104666.66666666667,119712.79761904762,212175.65359477125
2011-02-14,353333.3333333333,104666.66666666667,122410.4938271605,213715.0
2011-02-15,353631.25,104666.66666666667,118038.69047619049,209641.33986928104
2011-02-16,352450.0,104666.66666666667,112364.58333333334,206062.90849673204
2011-02-17,358910.4166666666,104666.66666666667,112276.78571428571,208548.2026143791
2011-02-18,365400.0,104666.66666666667,112278.2738095238,211093.954248366
2011-02-19,375687.5,104666.66666666667,120206.84523809524,219481.2091503268
2011-02-20,376700.0,104666.66666666667,120205.35714285714,219877.45098039217
2011-02-21,369029.1666666666,104666.66666666667,120133.92857142857,216830.06535947713
2011-02-22,352737.5,104666.66666666667,120133.92857142857,210441.17647058822
2011-02-23,352554.1666666667,104666.66666666667,120116.07142857143,210359.47712418303
2011-02-24,355225.0,104666.66666666667,120119.04761904762,211408.49673202616
2011-02-25,368166.6666666666,104666.66666666667,118690.4761904762,215699.34640522875
2011-02-26,372820.8333333334,104666.66666666667,114949.40476190476,215470.58823529413
2011-02-27,377975.0,104666.66666666667,116842.26190476191,218531.045751634
2011-02-28,384106.25,104666.66666666667,122261.90476190476,223910.9477124183
2011-03-01,377206.25,104666.66666666667,122263.39285714286,221205.88235294117
2011-03-02,379943.75,104666.66666666667,124671.13095238095,223601.30718954248
2011-03-03,387150.0,104666.66666666667,124654.76190476191,226418.30065359478
2011-03-04,387000.0,104666.66666666667,121409.2261904762,224577.614379085
2011-03-05,390800.0,104666.66666666667,121415.17857142857,226071.07843137256
2011-03-06,390850.0,104666.66666666667,122980.65476190476,226950.16339869282
2011-03-07,382825.0,104666.66666666667,124400.29761904762,224582.5163398693
2011-03-08,385850.0,104666.66666666667,125022.32142857143,226110.29411764705
2011-03-09,381643.75,104666.66666666667,125019.34523809524,224459.15032679736
2011-03-10,385512.5,104666.66666666667,125017.85714285714,225975.49019607843
2011-03-11,393562.5,104666.66666666667,125017.85714285714,229132.35294117648
2011-03-12,387402.0833333334,104666.66666666667,121339.28571428571,224696.89542483658
2011-03-13,385035.4166666667,104666.66666666667,124979.16666666667,225767.1568627451
2011-03-14,376622.9166666667,104666.66666666667,125017.85714285714,222489.37908496734
2011-03-15,375447.9166666666,104666.66666666667,121333.33333333334,220005.71895424835
2011-03-16,377487.5,104666.66666666667,122869.04761904762,221648.69281045752
2011-03-17,383833.3333333334,104666.66666666667,122864.58333333334,224134.80392156861
2011-03-18,387500.0,104666.66666666667,119111.60714285714,223512.25490196078
2011-03-19,380302.0833333334,104666.66666666667,125077.16049382716,225942.5
2011-03-20,380785.4166666667,104666.66666666667,120684.5238095238,221742.64705882352
2011-03-21,383650.0,104666.66666666667,125113.09523809524,225297.385620915
2011-03-22,380950.0,104666.66666666667,125113.09523809524,224238.56209150326
2011-03-23,379585.4166666667,104666.66666666667,125110.11904761905,223701.7973856209
2011-03-24,379554.1666666666,104666.66666666667,125145.83333333334,223709.15032679736
2011-03-25,365316.6666666666,104666.66666666667,127287.20238095238,219301.4705882353
2011-03-26,369900.0,104666.66666666667,124522.32142857143,219580.88235294117
2011-03-27,364700.0,104666.66666666667,125569.94047619049,218116.83006535948
2011-03-28,360416.6666666666,104666.66666666667,127276.78571428571,217374.18300653595
2011-03-29,356589.5833333334,104666.66666666667,127278.2738095238,215874.18300653595
2011-03-30,358816.6666666666,104666.66666666667,127281.25,216749.18300653595
2011-03-31,353785.4166666666,104666.66666666667,127282.73809523809,214776.96078431373
2011-04-01,364010.4166666666,104666.66666666667,127300.59523809524,218796.568627451
2011-04-02,371600.0,104666.66666666667,127125.0,221676.4705882353
2011-04-03,367029.1666666666,104666.66666666667,127125.0,219883.9869281046
2011-04-04,368152.0833333334,104666.66666666667,118732.14285714286,215716.50326797384
2011-04-05,355489.5833333334,104666.66666666667,118732.14285714286,210750.81699346405
2011-04-06,355808.3333333334,104666.66666666667,118730.65476190476,210875.0
2011-04-07,359939.5833333334,104666.66666666667,119177.08333333334,212740.19607843139
2011-04-08,367297.9166666666,104666.66666666667,124927.08333333334,218782.6797385621
2011-04-09,373647.9166666666,104666.66666666667,121248.51190476191,219253.2679738562
2011-04-10,375816.6666666666,104666.66666666667,121248.51190476191,220103.75816993462
2011-04-11,367800.0,104666.66666666667,122784.2261904762,217803.10457516342
2011-04-12,367152.0833333334,104666.66666666667,122784.2261904762,217549.01960784313
2011-04-13,369841.6666666666,104666.66666666667,122784.2261904762,218603.75816993462
2011-04-14,371708.3333333334,104666.66666666667,122784.2261904762,219335.78431372548
2011-04-15,375775.0,104666.66666666667,122784.2261904762,220930.55555555556
2011-04-16,384550.0,104666.66666666667,125069.94047619049,225626.63398692812
2011-04-17,384750.0,104666.66666666667,125069.94047619049,225705.06535947713
2011-04-18,384550.0,104666.66666666667,125069.94047619049,225626.63398692812
2011-04-19,384750.0,104666.66666666667,124284.2261904762,225273.69281045752
2011-04-20,386383.3333333334,104666.66666666667,126766.36904761905,227276.96078431373
2011-04-21,397514.5833333334,104666.66666666667,127212.79761904762,231887.25490196078
2011-04-22,399500.0,104666.66666666667,127212.79761904762,232665.84967320264
2011-04-23,394400.0,104666.66666666667,125069.94047619049,229489.37908496734
2011-04-24,399150.0,104666.66666666667,125069.94047619049,231352.12418300656
2011-04-25,388810.4166666666,104666.66666666667,117069.94047619049,222905.22875816992
2011-04-26,393050.0,104666.66666666667,117605.65476190476,224861.92810457517
2011-04-27,372327.0833333334,104666.66666666667,117355.65476190476,216598.03921568627
2011-04-28,370539.5833333334,104666.66666666667,119748.51190476191,217210.78431372548
2011-04-29,382983.3333333334,104666.66666666667,119748.51190476191,222090.6862745098
2011-04-30,393525.0,104666.66666666667,119430.05952380951,226049.83660130718
2011-05-01,396300.0,104666.66666666667,132650.36231884058,245455.615942029
2011-05-02,409202.0833333334,104666.66666666667,119172.10144927537,244326.08695652173
2011-05-03,396922.9166666666,104666.66666666667,119172.10144927537,238987.31884057968
2011-05-04,394125.0,104666.66666666667,119172.10144927537,237770.83333333334
2011-05-05,408200.0,104666.66666666667,122478.26086956522,245543.47826086957
2011-05-06,424850.0,104666.66666666667,121782.60869565218,252434.78260869565
2011-05-07,429400.0,104666.66666666667,115217.39130434782,251130.4347826087
2011-05-08,429450.0,104666.66666666667,121259.0579710145,254173.00724637683
2011-05-09,417829.1666666666,104666.66666666667,117478.26086956522,247230.07246376813
2011-05-10,406881.25,104666.66666666667,117478.26086956522,242470.10869565216
2011-05-11,405641.6666666667,104666.66666666667,117478.26086956522,241931.15942028986
2011-05-12,409060.4166666666,104666.66666666667,120217.39130434782,244787.13768115942
2011-05-13,414350.0,104666.66666666667,120217.39130434782,247086.95652173914
2011-05-14,407379.1666666667,104666.66666666667,120217.39130434782,244056.15942028986
2011-05-15,409641.6666666667,104666.66666666667,123260.86956521739,246561.59420289856
2011-05-16,415300.0,104666.66666666667,123260.86956521739,249021.73913043478
2011-05-17,399256.25,104666.66666666667,123260.86956521739,242046.19565217392
2011-05-18,401177.0833333333,104666.66666666667,121753.6231884058,242127.71739130435
2011-05-19,398989.5833333333,104666.66666666667,115226.44927536232,237913.04347826086
2011-05-20,410450.0,104666.66666666667,121250.0,245907.60869565216
2011-05-21,410350.0,104666.66666666667,114250.0,242364.13043478262
2011-05-22,416650.0,104666.66666666667,115391.30434782608,245673.91304347827
2011-05-23,409725.0,104666.66666666667,118885.86956521739,244410.3260869565
2011-05-24,409425.0,104666.66666666667,122565.21739130435,246119.5652173913
2011-05-25,417383.3333333334,104666.66666666667,119782.60869565218,248188.40579710144
2011-05-26,415877.0833333334,104666.66666666667,126782.60869565218,251033.5144927536
2011-05-27,415775.0,104666.66666666667,126782.60869565218,250989.13043478262
2011-05-28,406283.3333333334,104666.66666666667,125565.21739130435,246253.6231884058
2011-05-29,384250.0,104666.66666666667,125565.21739130435,236673.91304347827
2011-05-30,405266.6666666666,104666.66666666667,125565.21739130435,245811.59420289856
2011-05-31,411850.0,104666.66666666667,125565.21739130435,248673.91304347827
2011-06-01,411425.0,104666.66666666667,117057.97101449277,244235.50724637683
2011-06-02,410506.25,104666.66666666667,125565.21739130435,248089.6739130435
2011-06-03,410116.6666666666,104666.66666666667,125565.21739130435,247920.28985507248
2011-06-04,413150.0,104666.66666666667,125565.21739130435,249239.13043478262
2011-06-05,409600.0,104666.66666666667,125565.21739130435,247695.65217391305
2011-06-06,384043.75,104666.66666666667,125565.21739130435,236584.23913043478
2011-06-07,389400.0,104666.66666666667,125565.21739130435,238913.04347826086
2011-06-08,379568.75,104666.66666666667,125565.21739130435,234638.58695652173
2011-06-09,380977.0833333333,104666.66666666667,126260.86956521739,235598.73188405795
2011-06-10,391372.9166666666,104666.66666666667,113892.85714285714,222165.84967320264
2011-06-11,387450.0,104666.66666666667,113892.85714285714,220627.45098039217
2011-06-12,384700.0,104666.66666666667,113892.85714285714,219549.01960784313
2011-06-13,385016.6666666666,104666.66666666667,111976.19047619049,218620.91503267974
2011-06-14,391627.0833333334,104666.66666666667,113892.85714285714,222265.52287581697
2011-06-15,392160.4166666666,104666.66666666667,113892.85714285714,222474.6732026144
2011-06-16,402400.0,104666.66666666667,111227.67857142857,225026.96078431373
2011-06-17,409918.75,157000.0,113892.85714285714,234027.5
2011-06-18,422150.0,104666.66666666667,116750.0,235803.92156862744
2011-06-19,422150.0,104666.66666666667,116750.0,235803.92156862744
2011-06-20,402804.1666666666,104666.66666666667,118922.61904761905,229410.13071895423
2011-06-21,391900.0,104666.66666666667,111750.0,221196.07843137256
2011-06-22,405037.5,104666.66666666667,117285.71428571429,229387.25490196078
2011-06-23,395568.75,104666.66666666667,117285.71428571429,225674.01960784313
2011-06-24,402800.0,104666.66666666667,117214.28571428571,228470.58823529413
2011-06-25,405950.0,157000.0,119740.74074074074,238081.6326530612
2011-06-26,406850.0,104666.66666666667,110285.71428571429,226254.9019607843
2011-06-27,410150.0,104666.66666666667,115205.35714285714,230250.0
2011-06-28,417760.4166666666,104666.66666666667,117285.71428571429,234376.63398692812
2011-06-29,412800.0,104666.66666666667,117285.71428571429,232431.3725490196
2011-06-30,421572.9166666667,104666.66666666667,117285.71428571429,235871.7320261438
2011-07-01,417150.0,104666.66666666667,117285.71428571429,234137.25490196078
2011-07-02,416650.0,104666.66666666667,112107.14285714286,231098.03921568627
2011-07-03,416175.0,104666.66666666667,106750.0,227970.58823529413
2011-07-04,408854.1666666666,104666.66666666667,109239.58333333334,226466.50326797384
2011-07-05,413529.1666666667,104666.66666666667,114668.15476190476,231280.22875816992
2011-07-06,407014.5833333334,104666.66666666667,114562.5,228667.4836601307
2011-07-07,402052.0833333334,104666.66666666667,112363.09523809524,225513.8888888889
2011-07-08,410918.75,104666.66666666667,112363.09523809524,228991.0130718954
2011-07-09,415400.0,104666.66666666667,113678.57142857143,231470.58823529413
2011-07-10,416056.25,104666.66666666667,113440.4761904762,231597.22222222225
2011-07-11,420800.0,104666.66666666667,114562.5,234073.5294117647
2011-07-12,415347.9166666666,104666.66666666667,116571.42857142857,233038.39869281047
2011-07-13,403918.75,104666.66666666667,116571.42857142857,228556.3725490196
2011-07-14,400066.6666666666,104666.66666666667,116571.42857142857,227045.75163398695
2011-07-15,414606.25,104666.66666666667,116571.42857142857,232747.54901960783
2011-07-16,411825.0,104666.66666666667,110178.57142857143,228147.0588235294
2011-07-17,409735.4166666666,104666.66666666667,111964.28571428571,228308.00653594773
2011-07-18,418100.0,104666.66666666667,117142.85714285714,234431.3725490196
2011-07-19,411750.0,104666.66666666667,116571.42857142857,231627.45098039217
2011-07-20,420700.0,104666.66666666667,116571.42857142857,235137.25490196078
2011-07-21,419756.25,104666.66666666667,114867.55952380951,233831.69934640522
2011-07-22,421750.0,104666.66666666667,117142.85714285714,235862.74509803922
2011-07-23,421550.0,104666.66666666667,116035.71428571429,235176.4705882353
2011-07-24,416166.6666666666,104666.66666666667,114250.0,232084.96732026144
2011-07-25,417733.3333333333,104666.66666666667,115357.14285714286,233307.18954248365
2011-07-26,400177.0833333334,104666.66666666667,119744.04761904762,228830.88235294117
2011-07-27,395443.75,104666.66666666667,122285.71428571429,228370.0980392157
2011-07-28,398475.0,104666.66666666667,122285.71428571429,229558.82352941178
2011-07-29,401172.9166666666,104666.66666666667,122285.71428571429,230616.83006535948
2011-07-30,394166.6666666666,104666.66666666667,122285.71428571429,227869.28104575165
2011-07-31,404966.6666666666,104666.66666666667,122285.71428571429,232104.5751633987
2011-08-01,386266.6666666666,104666.66666666667,122285.71428571429,224771.24183006538
2011-08-02,386425.0,104666.66666666667,122285.71428571429,224833.33333333334
2011-08-03,383850.0,104666.66666666667,116964.28571428571,220901.96078431373
2011-08-04,364200.0,104666.66666666667,116964.28571428571,213196.07843137256
2011-08-05,363800.0,104666.66666666667,116964.28571428571,213039.21568627452
2011-08-06,365039.5833333334,104666.66666666667,116964.28571428571,213525.3267973856
2011-08-07,389616.6666666666,104666.66666666667,116964.28571428571,223163.39869281047
2011-08-08,381004.1666666666,104666.66666666667,116964.28571428571,219785.9477124183
2011-08-09,367506.25,104666.66666666667,116964.28571428571,214492.64705882352
2011-08-10,369250.0,104666.66666666667,116875.0,215127.45098039217
2011-08-11,366200.0,104666.66666666667,116875.0,213931.3725490196
2011-08-12,370250.0,104666.66666666667,116875.0,215519.60784313726
2011-08-13,370300.0,104666.66666666667,116660.71428571429,215421.568627451
2011-08-14,369150.0,104666.66666666667,111035.71428571429,211882.35294117648
2011-08-15,370000.0,52333.333333333336,116875.0,212343.13725490196
2011-08-16,391727.0833333334,52333.333333333336,116875.0,220863.56209150326
2011-08-17,389500.0,52333.333333333336,114818.45238095238,218861.1111111111
2011-08-18,395260.4166666666,52333.333333333336,113875.0,220602.12418300656
2011-08-19,400750.0,52333.333333333336,111517.85714285714,221460.78431372548
2011-08-20,386841.6666666666,52333.333333333336,111369.04761904762,215924.83660130718
2011-08-21,387533.3333333334,52333.333333333336,111517.85714285714,216277.77777777775
2011-08-22,393783.3333333333,63236.11111111112,113875.0,220664.21568627452
2011-08-23,384787.5,63236.11111111112,112482.14285714286,216371.7320261438
2011-08-24,377927.0833333334,104666.66666666667,113936.01190476191,216916.66666666666
2011-08-25,372052.0833333334,104666.66666666667,116875.0,216226.30718954248
2011-08-26,387958.3333333334,104666.66666666667,116517.85714285714,222267.97385620914
2011-08-27,390650.0,104666.66666666667,106492.55952380951,217819.44444444444
2011-08-28,399350.0,104666.66666666667,113892.85714285714,225294.11764705883
2011-08-29,399504.1666666666,104666.66666666667,109071.42857142857,222707.5163398693
2011-08-30,402954.1666666666,104666.66666666667,106821.42857142857,222825.16339869282
2011-08-31,402991.6666666666,104666.66666666667,106821.42857142857,222839.86928104577
2011-09-01,396902.0833333333,104666.66666666667,106232.14285714286,220128.2679738562
2011-09-02,415500.0,104666.66666666667,108482.14285714286,228656.86274509804
2011-09-03,417112.5,104666.66666666667,108482.14285714286,229289.21568627452
2011-09-04,423187.5,104666.66666666667,106696.42857142857,230691.17647058822
2011-09-05,419383.3333333333,104666.66666666667,101375.0,226277.77777777775
2011-09-06,400043.75,104666.66666666667,101375.0,218693.6274509804
2011-09-07,407858.3333333334,104666.66666666667,114642.85714285714,229042.4836601307
2011-09-08,397852.0833333334,104666.66666666667,114642.85714285714,225118.46405228757
2011-09-09,409925.0,104666.66666666667,114642.85714285714,229852.9411764706
2011-09-10,407941.6666666666,104666.66666666667,114642.85714285714,229075.16339869282
2011-09-11,412225.0,104666.66666666667,113428.57142857143,230088.23529411765
2011-09-12,405925.0,104666.66666666667,113428.57142857143,227617.64705882352
2011-09-13,403700.0,104666.66666666667,107866.07142857143,223691.17647058822
2011-09-14,400650.0,104666.66666666667,97750.0,216941.17647058822
2011-09-15,400650.0,104666.66666666667,108604.16666666666,222900.3267973856
2011-09-16,405250.0,104666.66666666667,108163.69047619049,224462.4183006536
2011-09-17,401150.0,104666.66666666667,104333.33333333334,220751.63398692812
2011-09-18,399641.6666666667,104666.66666666667,106035.71428571429,221094.77124183008
2011-09-19,390570.8333333334,104666.66666666667,112790.17857142857,221245.91503267974
2011-09-20,384056.25,104666.66666666667,112997.0238095238,218804.7385620915
2011-09-21,392575.0,104666.66666666667,113392.85714285714,222362.74509803922
2011-09-22,386216.6666666666,104666.66666666667,113392.85714285714,219869.28104575165
2011-09-23,384541.6666666666,104666.66666666667,112285.71428571429,218604.5751633987
2011-09-24,387672.9166666666,104666.66666666667,102197.91666666667,214294.11764705883
2011-09-25,383989.5833333334,104666.66666666667,105904.32098765433,217064.1666666667
2011-09-26,381843.75,104666.66666666667,114555.55555555556,220877.5
2011-09-27,372639.5833333334,104666.66666666667,115111.11111111111,217495.8333333333
2011-09-28,368158.3333333334,104666.66666666667,112945.98765432098,214534.1666666667
2011-09-29,368933.3333333334,104666.66666666667,120481.48148148147,218913.3333333333
2011-09-30,376766.6666666666,104666.66666666667,118259.25925925926,220846.6666666667
2011-10-01,381062.5,104666.66666666667,113259.25925925926,219865.0
2011-10-02,382600.0,104666.66666666667,113259.25925925926,220480.0
2011-10-03,382275.0,104666.66666666667,113259.25925925926,220350.0
2011-10-04,381016.6666666666,104666.66666666667,115240.74074074074,220916.6666666667
2011-10-05,380500.0,104666.66666666667,110148.14814814815,217960.0
2011-10-06,384816.6666666666,104666.66666666667,110148.14814814815,219686.6666666667
2011-10-07,394822.9166666667,104666.66666666667,103814.81481481482,220269.1666666667
2011-10-08,388956.25,104666.66666666667,103629.62962962964,217822.5
2011-10-09,394225.0,104666.66666666667,103629.62962962964,219930.0
2011-10-10,393900.0,104666.66666666667,94740.74074074074,215000.0
2011-10-11,380135.4166666666,104666.66666666667,94740.74074074074,209494.1666666667
2011-10-12,400689.5833333334,104666.66666666667,94925.92592592593,217815.8333333333
2011-10-13,404012.5,104666.66666666667,95913.58024691358,219678.3333333333
2011-10-14,410350.0,104666.66666666667,98407.4074074074,223560.0
2011-10-15,407681.25,104666.66666666667,92481.48148148147,219292.5
2011-10-16,408431.25,104666.66666666667,92481.48148148147,219592.5
2011-10-17,411587.5,104666.66666666667,86570.98765432098,217663.3333333333
2011-10-18,416762.5,104666.66666666667,86570.98765432098,219733.3333333333
2011-10-19,413245.8333333334,104666.66666666667,89015.43209876542,219646.6666666667
2011-10-20,421650.0,104666.66666666667,96669.87179487178,229804.42176870746
2011-10-21,416216.6666666666,104666.66666666667,90516.02564102564,224321.42857142858
2011-10-22,415600.0,104666.66666666667,90208.33333333333,223906.462585034
2011-10-23,434770.8333333333,104666.66666666667,84631.41025641025,228772.10884353743
2011-10-24,429095.8333333333,104666.66666666667,90769.23076923077,229712.58503401358
2011-10-25,427566.6666666667,104666.66666666667,93076.92307692308,230312.92517006805
2011-10-26,417479.1666666666,104666.66666666667,93076.92307692308,226195.57823129254
2011-10-27,415520.8333333334,104666.66666666667,99237.17948717948,228664.96598639456
2011-10-28,430416.6666666667,104666.66666666667,94397.4358974359,232176.87074829932
2011-10-29,434950.0,104666.66666666667,101846.15384615384,237979.5918367347
2011-10-30,435450.0,104666.66666666667,104076.92307692308,239367.3469387755
2011-10-31,429954.1666666667,104666.66666666667,105230.76923076923,237736.39455782314
2011-11-01,417839.5833333334,104666.66666666667,102807.69230769231,231505.95238095237
2011-11-02,416520.8333333334,104666.66666666667,94807.69230769231,226722.78911564624
2011-11-03,418460.4166666667,104666.66666666667,103032.4074074074,229301.6666666667
2011-11-04,429400.0,104666.66666666667,93327.16049382716,228436.6666666667
2011-11-05,426750.0,104666.66666666667,93185.18518518518,227300.0
2011-11-06,408889.5833333334,104666.66666666667,93166.66666666667,220145.8333333333
2011-11-07,425300.0,104666.66666666667,92092.5925925926,226130.0
2011-11-08,425500.0,104666.66666666667,91027.77777777778,225635.0
2011-11-09,421662.5,104666.66666666667,100188.27160493827,229046.6666666667
2011-11-10,432550.0,104666.66666666667,98203.70370370371,232330.0
2011-11-11,417358.3333333334,104666.66666666667,98203.70370370371,226253.3333333333
2011-11-12,419350.0,104666.66666666667,98203.70370370371,227050.0
2011-11-13,420550.0,104666.66666666667,90055.55555555556,223130.0
2011-11-14,421000.0,104666.66666666667,90055.55555555556,223310.0
2011-11-15,422327.0833333333,104666.66666666667,89975.30864197531,223797.5
2011-11-16,405864.5833333334,104666.66666666667,85836.41975308642,214977.5
2011-11-17,408960.4166666666,104666.66666666667,87441.35802469135,217082.5
2011-11-18,422400.0,104666.66666666667,89108.02469135802,223358.3333333333
2011-11-19,409466.6666666667,104666.66666666667,85253.08641975309,216103.3333333333
2011-11-20,408850.0,104666.66666666667,84055.55555555556,215210.0
2011-11-21,406510.4166666666,104666.66666666667,90273.14814814815,217631.6666666667
2011-11-22,402306.25,104666.66666666667,88027.77777777778,214737.5
2011-11-23,405766.6666666666,104666.66666666667,81248.45679012347,212460.8333333333
2011-11-24,409133.3333333334,104666.66666666667,99125.0,223460.8333333333
2011-11-25,423422.9166666667,104666.66666666667,103648.14814814815,231619.1666666667
2011-11-26,429908.3333333333,104666.66666666667,103092.5925925926,233913.3333333333
2011-11-27,424916.6666666667,104666.66666666667,103933.64197530865,232370.8333333333
2011-11-28,412745.8333333334,104666.66666666667,103129.62962962964,227068.3333333333
2011-11-29,404460.4166666667,104666.66666666667,103129.62962962964,223754.1666666667
2011-11-30,393950.0,104666.66666666667,103129.62962962964,219550.0
2011-12-01,396487.5,104666.66666666667,100472.22222222222,219130.0
2011-12-02,417066.6666666666,104666.66666666667,100870.37037037036,227576.6666666667
2011-12-03,423237.5,104666.66666666667,102447.53086419754,230896.6666666667
2011-12-04,419737.5,104666.66666666667,106351.85185185185,231605.0
2011-12-05,434700.0,104666.66666666667,103129.62962962964,235850.0
2011-12-06,442800.0,104666.66666666667,108146.60493827162,241799.1666666667
2011-12-07,439658.3333333333,104666.66666666667,108685.18518518518,240833.3333333333
2011-12-08,443200.0,104666.66666666667,108685.18518518518,242250.0
2011-12-09,443400.0,104666.66666666667,103685.18518518518,239630.0
2011-12-10,443400.0,104666.66666666667,103796.29629629629,239690.0
2011-12-11,443400.0,104666.66666666667,103685.18518518518,239630.0
2011-12-12,443400.0,104666.66666666667,109462.96296296296,242750.0
2011-12-13,442562.5,109000.0,107277.77777777778,241495.0
2011-12-14,438750.0,109000.0,109462.96296296296,241150.0
2011-12-15,438750.0,109000.0,109462.96296296296,241150.0
2011-12-16,438900.0,109000.0,108870.37037037036,240890.0
2011-12-17,434735.4166666667,109000.0,106722.22222222222,238064.1666666667
2011-12-18,440362.5,109000.0,102552.46913580246,238063.3333333333
2011-12-19,436872.9166666667,109000.0,106611.11111111111,238859.1666666667
2011-12-20,420089.5833333333,109000.0,106611.11111111111,232145.8333333333
2011-12-21,419985.4166666667,109000.0,113916.66666666667,236049.1666666667
2011-12-22,420777.0833333333,109000.0,114104.93827160494,236467.5
2011-12-23,441450.0,109000.0,109111.11111111111,242040.0
2011-12-24,445450.0,109000.0,114481.48148148147,246540.0
2011-12-25,444850.0,109000.0,116851.85185185185,247580.0
2011-12-26,444575.0,109000.0,116851.85185185185,247470.0
2011-12-27,445000.0,109000.0,116851.85185185185,247640.0
2011-12-28,445000.0,109000.0,117444.44444444444,247960.0
2011-12-29,444900.0,109000.0,120291.66666666667,249457.5
2011-12-30,436500.0,109000.0,122629.62962962964,247360.0
2011-12-31,445450.0,109000.0,122629.62962962964,250940.0
2012-01-01,441550.0,104666.66666666667,122629.62962962964,249120.0
2012-01-02,441650.0,109000.0,122629.62962962964,249420.0
2012-01-03,441350.0,109000.0,122629.62962962964,249300.0
2012-01-04,441943.75,109000.0,117018.51851851853,246507.5
2012-01-05,439754.1666666667,109000.0,112839.28571428571,240815.3594771242
2012-01-06,441747.9166666667,109000.0,112839.28571428571,241597.22222222225
2012-01-07,442385.4166666667,104666.66666666667,112839.28571428571,241592.3202614379
2012-01-08,442385.4166666667,104666.66666666667,112839.28571428571,241592.3202614379
2012-01-09,442562.5,104666.66666666667,116025.29761904762,243410.9477124183
2012-01-10,436695.8333333333,104666.66666666667,118250.0,242331.69934640522
2012-01-11,426093.75,104666.66666666667,111428.57142857143,234428.92156862744
2012-01-12,425308.3333333333,104666.66666666667,111428.57142857143,234120.91503267974
2012-01-13,431900.0,104666.66666666667,111428.57142857143,236705.88235294117
2012-01-14,428600.0,104666.66666666667,112857.14285714286,236196.07843137256
2012-01-15,422100.0,104666.66666666667,112857.14285714286,233647.0588235294
2012-01-16,412289.5833333333,104666.66666666667,112500.0,229603.75816993462
2012-01-17,395133.3333333334,0.0,112142.85714285714,216522.87581699344
2012-01-18,388516.6666666666,0.0,109607.14285714286,212535.9477124183
2012-01-19,389270.8333333334,0.0,113178.57142857143,214792.4836601307
2012-01-20,409087.5,52333.333333333336,117107.14285714286,227799.01960784313
2012-01-21,417137.5,104666.66666666667,118821.42857142857,234975.49019607843
2012-01-22,417316.6666666666,104666.66666666667,123250.0,237477.12418300656
2012-01-23,413704.1666666666,104666.66666666667,123250.0,236060.45751633987
2012-01-24,412095.8333333334,104666.66666666667,123250.0,235429.7385620915
2012-01-25,413583.3333333334,104666.66666666667,123821.42857142857,236326.7973856209
2012-01-26,415700.0,104666.66666666667,123821.42857142857,237156.86274509804
2012-01-27,416700.0,104666.66666666667,123821.42857142857,237549.01960784313
2012-01-28,417450.0,104666.66666666667,124107.14285714286,238000.0
2012-01-29,411308.3333333333,104666.66666666667,124107.14285714286,235591.50326797384
2012-01-30,410900.0,104666.66666666667,120565.4761904762,233486.92810457517
2012-01-31,397387.5,104666.66666666667,119285.71428571429,227485.29411764705
2012-02-01,406052.0833333334,104666.66666666667,119285.71428571429,230883.16993464052
2012-02-02,404391.6666666666,104666.66666666667,119285.71428571429,230232.02614379086
2012-02-03,404481.25,104666.66666666667,120744.04761904762,231067.81045751635
2012-02-04,409227.0833333334,104666.66666666667,123489.58333333334,234436.27450980392
2012-02-05,414227.0833333334,104666.66666666667,124285.71428571429,236834.15032679736
2012-02-06,411256.25,104666.66666666667,124285.71428571429,235669.11764705883
2012-02-07,415225.0,104666.66666666667,117796.13095238095,233662.5816993464
2012-02-08,404337.5,104666.66666666667,123156.25,232335.78431372548
2012-02-09,402850.0,104666.66666666667,123214.28571428571,231784.3137254902
2012-02-10,402137.5,104666.66666666667,123214.28571428571,231504.9019607843
2012-02-11,399629.1666666666,104666.66666666667,123214.28571428571,230521.24183006538
2012-02-12,399850.0,104666.66666666667,123071.42857142857,230529.41176470587
2012-02-13,389856.25,104666.66666666667,124000.0,227120.0980392157
2012-02-14,389095.8333333334,104666.66666666667,124000.0,226821.89542483658
2012-02-15,387008.3333333334,104666.66666666667,124285.71428571429,226160.13071895423
2012-02-16,393131.25,104666.66666666667,119107.14285714286,225718.13725490196
2012-02-17,389810.4166666666,104666.66666666667,119107.14285714286,224415.84967320264
2012-02-18,385268.75,104666.66666666667,119107.14285714286,222634.80392156861
2012-02-19,392452.0833333334,104666.66666666667,124285.71428571429,228294.93464052287
2012-02-20,404312.5,104666.66666666667,124285.71428571429,232946.07843137256
2012-02-21,399231.25,104666.66666666667,124285.71428571429,230953.431372549
2012-02-22,391025.0,104666.66666666667,124285.71428571429,227735.29411764705
2012-02-23,403304.1666666666,104666.66666666667,123139.88095238095,231921.568627451
2012-02-24,408966.6666666666,104666.66666666667,122671.13095238095,233884.80392156861
2012-02-25,403791.6666666666,104666.66666666667,117492.55952380951,229012.25490196078
2012-02-26,403104.1666666666,104666.66666666667,116068.45238095238,227960.78431372548
2012-02-27,400841.6666666666,104666.66666666667,117492.55952380951,227855.39215686274
2012-02-28,379727.0833333334,104666.66666666667,114988.09523809524,218200.16339869282
2012-02-29,383647.9166666666,104666.66666666667,116563.98809523809,220602.9411764706
2012-03-01,388756.25,104666.66666666667,116282.73809523809,222451.7973856209
2012-03-02,402118.75,104666.66666666667,118544.64285714286,228933.82352941178
2012-03-03,399245.8333333334,104666.66666666667,118544.64285714286,227807.18954248365
2012-03-04,403718.75,104666.66666666667,118544.64285714286,229561.27450980392
2012-03-05,404285.4166666666,104666.66666666667,116187.5,228489.37908496734
2012-03-06,409131.25,104000.0,117098.21428571429,230850.49019607843
2012-03-07,404168.75,104000.0,117098.21428571429,228904.41176470587
2012-03-08,413662.5,104000.0,116812.5,232470.58823529413
2012-03-09,402285.4166666666,104000.0,117098.21428571429,228165.84967320264
2012-03-10,393312.5,104000.0,116431.54761904762,224281.045751634
2012-03-11,391533.3333333334,104000.0,117102.67857142857,223951.7973856209
2012-03-12,382883.3333333334,104000.0,122281.25,223402.77777777775
2012-03-13,379650.0,104000.0,116156.25,218772.0588235294
2012-03-14,379014.5833333334,104000.0,116156.25,218522.87581699344
2012-03-15,372750.0,104000.0,116156.25,216066.17647058822
2012-03-16,375837.5,104000.0,113508.92857142857,215823.5294117647
2012-03-17,374137.5,104000.0,122209.82142857143,219933.82352941178
2012-03-18,378550.0,104000.0,121584.82142857143,221321.07843137256
2012-03-19,379525.0,104000.0,121584.82142857143,221703.431372549
2012-03-20,379350.0,104000.0,121584.82142857143,221634.80392156861
2012-03-21,376947.9166666666,104000.0,121584.82142857143,220692.81045751635
2012-03-22,390354.1666666666,104000.0,121584.82142857143,225950.16339869282
2012-03-23,406460.4166666666,104000.0,121686.01190476191,232321.89542483658
2012-03-24,416700.0,104000.0,121485.11904761905,236227.12418300656
2012-03-25,414370.8333333333,104000.0,122281.25,235750.81699346405
2012-03-26,417158.3333333333,104000.0,122281.25,236843.954248366
2012-03-27,408689.5833333334,104000.0,122209.82142857143,233483.66013071896
2012-03-28,405387.5,104000.0,122209.82142857143,232188.72549019608
2012-03-29,403616.6666666666,104000.0,122209.82142857143,231494.28104575165
2012-03-30,381783.3333333334,104000.0,122208.33333333334,222931.3725490196
2012-03-31,384920.8333333334,104000.0,122206.84523809524,224160.9477124183
2012-04-01,388868.75,104000.0,122206.84523809524,225709.15032679736
2012-04-02,384120.8333333333,104000.0,122206.84523809524,223847.22222222225
2012-04-03,387000.0,104000.0,122206.84523809524,224976.30718954248
2012-04-04,396125.0,104000.0,122206.84523809524,228554.7385620915
2012-04-05,395825.0,104666.66666666667,124385.41666666666,229672.385620915
2012-04-06,395925.0,104666.66666666667,124385.41666666666,229711.60130718953
2012-04-07,402725.0,104666.66666666667,118974.70238095238,229407.6797385621
2012-04-08,419091.6666666666,104666.66666666667,118974.70238095238,235825.98039215687
2012-04-09,425062.5,104666.66666666667,117861.60714285714,237556.3725490196
2012-04-10,421641.6666666667,104666.66666666667,117861.60714285714,236214.86928104577
2012-04-11,407006.25,104666.66666666667,117861.60714285714,230475.49019607843
2012-04-12,413562.5,104666.66666666667,112325.89285714286,230007.35294117648
2012-04-13,420829.1666666667,104666.66666666667,112325.89285714286,232857.02614379086
2012-04-14,417379.1666666666,104666.66666666667,112325.89285714286,231504.08496732026
2012-04-15,417558.3333333334,104666.66666666667,112325.89285714286,231574.34640522875
2012-04-16,404885.4166666666,104666.66666666667,112325.89285714286,226604.5751633987
2012-04-17,398439.5833333334,104666.66666666667,108397.32142857143,221919.93464052287
2012-04-18,398625.0,104000.0,110825.89285714286,223286.76470588235
2012-04-19,391787.5,104000.0,115669.64285714286,223264.70588235295
2012-04-20,397800.0,104000.0,115151.78571428571,225338.23529411765
2012-04-21,397900.0,104000.0,110950.89285714286,223071.07843137256
2012-04-22,398050.0,104000.0,110377.9761904762,222815.3594771242
2012-04-23,359841.6666666666,104000.0,116343.75,211107.02614379086
2012-04-24,396712.5,104000.0,111736.60714285714,223036.76470588235
2012-04-25,411347.9166666666,104000.0,109879.46428571429,227756.53594771243
2012-04-26,423206.25,104000.0,114236.60714285714,234799.01960784313
2012-04-27,430797.9166666667,104000.0,116343.75,238933.00653594773
2012-04-28,433162.5,104000.0,116343.75,239860.29411764705
2012-04-29,435191.6666666667,104000.0,116343.75,240656.045751634
2012-04-30,437300.0,104000.0,116343.75,241482.8431372549
2012-05-01,437300.0,104000.0,116343.75,241482.8431372549
2012-05-02,425860.4166666667,102513.88888888888,110629.46428571429,233772.0588235294
2012-05-03,423512.5,102541.66666666667,110629.46428571429,232852.9411764706
2012-05-04,426604.1666666667,104000.0,109556.54761904762,233562.09150326796
2012-05-05,430033.3333333333,104000.0,109607.14285714286,234934.6405228758
2012-05-06,429800.0,104000.0,114785.71428571429,237686.27450980392
2012-05-07,428406.25,104000.0,112464.28571428571,235865.19607843139
2012-05-08,429820.8333333333,104000.0,115321.42857142857,237988.56209150326
2012-05-09,428206.25,104000.0,115321.42857142857,237355.39215686274
2012-05-10,424550.0,104000.0,115321.42857142857,235921.568627451
2012-05-11,421262.5,104000.0,113500.0,233632.35294117648
2012-05-12,418950.0,104000.0,116428.57142857143,234333.33333333334
2012-05-13,419300.0,104000.0,116428.57142857143,234470.58823529413
2012-05-14,418637.5,104000.0,118196.42857142857,235181.3725490196
2012-05-15,417327.0833333333,104000.0,118214.28571428571,234677.28758169935
2012-05-16,413170.8333333333,104000.0,115750.0,231694.44444444444
2012-05-17,416977.0833333333,104000.0,115266.36904761905,232921.568627451
2012-05-18,428872.9166666667,104000.0,115750.0,237852.12418300656
2012-05-19,433250.0,104000.0,113928.57142857143,238568.6274509804
2012-05-20,433250.0,104000.0,113928.57142857143,238568.6274509804
2012-05-21,421025.0,104000.0,113928.57142857143,233774.50980392157
2012-05-22,422004.1666666667,104000.0,116321.42857142857,235472.22222222225
2012-05-23,414295.8333333334,104000.0,116321.42857142857,232449.34640522875
2012-05-24,414335.4166666666,104000.0,116321.42857142857,232464.86928104577
2012-05-25,440533.3333333333,104000.0,116321.42857142857,242738.56209150326
2012-05-26,441350.0,104000.0,116321.42857142857,243058.82352941178
2012-05-27,440900.0,104000.0,115837.79761904762,242616.83006535948
2012-05-28,434650.0,104000.0,116321.42857142857,240431.3725490196
2012-05-29,427685.4166666667,104000.0,116214.28571428571,237641.33986928104
2012-05-30,424966.6666666667,102000.0,116433.03571428571,236577.614379085
2012-05-31,427527.0833333333,102000.0,116440.4761904762,237585.78431372548
2012-06-01,436366.6666666667,102000.0,110142.85714285714,237594.77124183008
2012-06-02,436216.6666666667,104000.0,110633.92857142857,237923.2026143791
2012-06-03,438850.0,104000.0,111214.28571428571,239274.50980392157
2012-06-04,436266.6666666667,104000.0,111214.28571428571,238261.43790849674
2012-06-05,427816.6666666667,104000.0,108714.28571428571,233575.16339869282
2012-06-06,430300.0,104000.0,109071.42857142857,234745.0980392157
2012-06-07,433962.5,104000.0,108767.85714285714,236014.70588235295
2012-06-08,435600.0,104000.0,109071.42857142857,236823.5294117647
2012-06-09,430700.0,104000.0,105889.88095238095,233155.22875816992
2012-06-10,430700.0,104000.0,105860.11904761905,233138.8888888889
2012-06-11,430000.0,104000.0,105508.92857142857,232671.568627451
2012-06-12,423675.0,104000.0,107330.35714285714,231191.17647058822
2012-06-13,423322.9166666667,104000.0,106392.85714285714,230538.39869281047
2012-06-14,425800.0,104000.0,105319.94047619049,230920.75163398695
2012-06-15,426700.0,104000.0,106392.85714285714,231862.74509803922
2012-06-16,421150.0,104000.0,105017.85714285714,228931.3725490196
2012-06-17,421300.0,104000.0,105611.60714285714,229316.17647058822
2012-06-18,421012.5,104000.0,106781.25,229845.58823529413
2012-06-19,429410.4166666667,104000.0,109071.42857142857,234396.24183006538
2012-06-20,420106.25,104000.0,108000.0,230159.3137254902
2012-06-21,411397.9166666666,104000.0,108535.71428571429,227038.39869281047
2012-06-22,425741.6666666667,104000.0,109071.42857142857,232957.5163398693
2012-06-23,434400.0,104000.0,109071.42857142857,236352.9411764706
2012-06-24,440212.5,104000.0,108203.86904761905,238156.045751634
2012-06-25,431422.9166666667,104000.0,109071.42857142857,235185.45751633987
2012-06-26,439262.5,104000.0,109071.42857142857,238259.80392156861
2012-06-27,425387.5,104000.0,108964.28571428571,232759.80392156861
2012-06-28,423762.5,104000.0,109071.42857142857,232181.3725490196
2012-06-29,431110.4166666667,104000.0,105642.85714285714,233180.55555555556
2012-06-30,437725.0,104000.0,107964.28571428571,237049.01960784313
2012-07-01,435637.5,104000.0,106525.29761904762,235440.3594771242
2012-07-02,439950.0,104000.0,107321.42857142857,237568.6274509804
2012-07-03,434804.1666666667,104000.0,109071.42857142857,236511.43790849674
2012-07-04,418216.6666666666,104000.0,110575.89285714286,230832.5163398693
2012-07-05,412908.3333333333,104000.0,111571.42857142857,229297.385620915
2012-07-06,417450.0,104000.0,117281.25,234213.23529411765
2012-07-07,417600.0,104000.0,118035.71428571429,234686.27450980392
2012-07-08,417600.0,104000.0,115459.82142857143,233272.0588235294
2012-07-09,411441.6666666666,104000.0,119857.14285714286,233271.24183006538
2012-07-10,405362.5,104000.0,117281.25,229473.03921568627
2012-07-11,409206.25,104000.0,119857.14285714286,232394.60784313726
2012-07-12,403293.75,104000.0,117263.39285714286,228651.96078431373
2012-07-13,419579.1666666667,104000.0,119852.67857142857,236459.96732026144
2012-07-14,421350.0,104000.0,117102.67857142857,235644.60784313726
2012-07-15,418112.5,104000.0,115525.29761904762,233508.9869281046
2012-07-16,421250.0,104000.0,117566.96428571429,235860.29411764705
2012-07-17,418441.6666666667,104000.0,115995.53571428571,233896.24183006538
2012-07-18,414770.8333333334,104000.0,115424.10714285714,232142.97385620914
2012-07-19,407408.3333333333,104000.0,115995.53571428571,229569.44444444444
2012-07-20,421550.0,104000.0,114174.10714285714,234115.19607843139
2012-07-21,422300.0,104000.0,114441.96428571429,234556.3725490196
2012-07-22,422300.0,104000.0,115781.25,235291.66666666666
2012-07-23,418866.6666666667,104000.0,118424.10714285714,235396.24183006538
2012-07-24,407150.0,104000.0,124196.42857142857,233970.58823529413
2012-07-25,407650.0,104000.0,122266.36904761905,233107.02614379086
2012-07-26,400943.75,104000.0,122052.08333333334,230359.47712418303
2012-07-27,402716.6666666666,104000.0,122174.10714285714,231121.7320261438
2012-07-28,419850.0,104000.0,122709.82142857143,238134.80392156861
2012-07-29,420000.0,104000.0,117687.5,235436.27450980392
2012-07-30,412016.6666666666,104000.0,120913.69047619049,234076.7973856209
2012-07-31,400450.0,104000.0,124520.83333333334,231521.24183006538
2012-08-01,389583.3333333334,104000.0,117629.46428571429,223476.30718954248
2012-08-02,399270.8333333333,104000.0,117446.42857142857,227174.83660130718
2012-08-03,389516.6666666666,104000.0,115915.17857142857,222508.9869281046
2012-08-04,401700.0,104000.0,114303.57142857143,226401.96078431373
2012-08-05,401100.0,104000.0,114302.08333333334,226165.84967320264
2012-08-06,401250.0,104000.0,113641.36904761905,225861.92810457517
2012-08-07,400300.0,104000.0,116409.2261904762,227008.9869281046
2012-08-08,406343.75,104000.0,109114.58333333334,225374.18300653595
2012-08-09,380425.0,104000.0,107590.7738095238,214373.36601307188
2012-08-10,372150.0,104000.0,112769.34523809524,213971.40522875814
2012-08-11,372100.0,104000.0,113145.83333333334,214158.49673202616
2012-08-12,373600.0,104000.0,110369.04761904762,213222.22222222225
2012-08-13,368970.8333333333,104000.0,112458.33333333334,212553.92156862744
2012-08-14,370050.0,104000.0,106763.39285714286,209850.49019607843
2012-08-15,371850.0,104000.0,104584.82142857143,209360.29411764705
2012-08-16,369333.3333333334,104000.0,110013.39285714286,211353.75816993462
2012-08-17,369266.6666666666,104000.0,110888.39285714286,211808.00653594773
2012-08-18,369266.6666666666,104000.0,112578.86904761905,212736.1111111111
2012-08-19,400987.5,104000.0,116046.13095238095,227079.24836601305
2012-08-20,396620.8333333334,104000.0,113340.7738095238,223881.53594771243
2012-08-21,400377.0833333334,104000.0,113558.03571428571,225473.8562091503
2012-08-22,404520.8333333334,104000.0,116171.13095238095,228533.49673202616
2012-08-23,412589.5833333334,104000.0,119703.86904761905,233637.25490196078
2012-08-24,395368.75,104000.0,118096.7261904762,226001.63398692812
2012-08-25,402050.0,104000.0,119703.86904761905,229504.08496732026
2012-08-26,402650.0,104000.0,110238.09523809524,224542.4836601307
2012-08-27,396725.0,104000.0,112273.80952380951,223336.60130718953
2012-08-28,388635.4166666666,104000.0,108988.09523809524,218360.29411764705
2012-08-29,384722.9166666666,104000.0,108238.09523809524,216414.21568627452
2012-08-30,378677.0833333334,104000.0,105662.20238095238,212629.08496732026
2012-08-31,391687.5,104000.0,113416.66666666666,221988.56209150326
2012-09-01,393604.1666666666,104000.0,113047.61904761905,222537.5816993464
2012-09-02,405766.6666666666,104000.0,111059.5238095238,226215.6862745098
2012-09-03,407743.75,52333.333333333336,106485.11904761905,221440.3594771242
2012-09-04,401677.0833333334,104000.0,106485.11904761905,222100.49019607843
2012-09-05,387985.4166666666,0.0,104166.66666666666,209340.6862745098
2012-09-06,391381.25,51333.333333333336,104166.66666666666,213691.99346405227
2012-09-07,406295.8333333333,104000.0,101613.09523809524,221236.92810457517
2012-09-08,408695.8333333334,104000.0,109505.95238095238,226511.43790849674
2012-09-09,410195.8333333333,104000.0,109791.66666666666,227256.53594771243
2012-09-10,402035.4166666666,104000.0,107934.5238095238,223036.76470588235
2012-09-11,393858.3333333334,104000.0,109970.23809523809,220947.71241830065
2012-09-12,396252.0833333333,104000.0,109845.23809523809,221817.81045751635
2012-09-13,400127.0833333334,104000.0,108595.23809523809,222651.1437908497
2012-09-14,409022.9166666666,104000.0,110738.09523809524,227316.17647058822
2012-09-15,406412.5,104000.0,110735.11904761905,226290.84967320264
2012-09-16,408720.8333333333,104000.0,111592.26190476191,227666.66666666666
2012-09-17,405200.0,104000.0,108708.33333333334,224702.614379085
2012-09-18,397285.4166666666,104000.0,109462.79761904762,222013.07189542483
2012-09-19,393912.5,104000.0,103215.7738095238,217260.62091503266
2012-09-20,396000.0,104000.0,109046.13095238095,221280.22875816992
2012-09-21,401366.6666666666,104000.0,110433.03571428571,224146.24183006538
2012-09-22,397266.6666666667,104000.0,110311.01190476191,222471.40522875814
2012-09-23,385025.0,104000.0,109691.96428571429,217330.88235294117
2012-09-24,407275.0,104000.0,109049.10714285714,225703.431372549
2012-09-25,414037.5,104000.0,108989.58333333334,228322.71241830065
2012-09-26,407466.6666666666,104000.0,108269.34523809524,225350.49019607843
2012-09-27,404089.5833333333,104000.0,109723.21428571429,224824.34640522875
2012-09-28,393795.8333333333,104000.0,109723.21428571429,220787.5816993464
2012-09-29,402022.9166666666,104000.0,111013.39285714286,224722.22222222225
2012-09-30,417108.3333333333,104000.0,106153.2738095238,227969.77124183008
2012-10-01,407527.0833333333,104000.0,95688.98809523809,218467.3202614379
2012-10-02,398970.8333333333,104000.0,97693.45238095238,216212.4183006536
2012-10-03,395625.0,104000.0,96498.51190476191,214244.28104575165
2012-10-04,399372.9166666666,104000.0,97050.59523809524,216017.1568627451
2012-10-05,397458.3333333334,104000.0,95053.57142857143,214169.93464052287
2012-10-06,399550.0,104000.0,95625.0,215303.92156862744
2012-10-07,411460.4166666666,104000.0,92919.64285714286,218489.37908496734
2012-10-08,409475.0,104000.0,95008.92857142857,218857.8431372549
2012-10-09,394247.9166666666,104000.0,93697.91666666666,212166.66666666666
2012-10-10,386837.5,104000.0,91296.13095238095,207941.99346405227
2012-10-11,387981.25,104000.0,94617.55952380951,210214.0522875817
2012-10-12,396433.3333333333,104000.0,94903.2738095238,213685.45751633987
2012-10-13,392064.5833333333,104000.0,91702.38095238095,210214.86928104577
2012-10-14,398654.1666666667,104000.0,84541.66666666666,208867.64705882352
2012-10-15,399014.5833333333,104000.0,81849.70238095238,207531.045751634
2012-10-16,407206.25,104000.0,91184.5238095238,215868.46405228757
2012-10-17,402950.0,104000.0,89354.16666666666,213194.44444444444
2012-10-18,400616.6666666666,104000.0,95568.45238095238,215691.17647058822
2012-10-19,410870.8333333333,104000.0,98572.91666666666,221361.92810457517
2012-10-20,414127.0833333334,104000.0,97751.48809523809,222187.90849673204
2012-10-21,415302.0833333334,104000.0,98322.91666666666,222962.4183006536
2012-10-22,406485.4166666666,104000.0,89897.32142857143,214879.08496732026
2012-10-23,399904.1666666666,104000.0,93397.32142857143,214219.77124183008
2012-10-24,391900.0,104000.0,92842.26190476191,210776.1437908497
2012-10-25,391891.6666666666,104000.0,92915.17857142857,210812.90849673204
2012-10-26,405800.0,104000.0,93665.17857142857,216678.92156862744
2012-10-27,387443.75,104000.0,99068.45238095238,212446.89542483658
2012-10-28,405791.6666666666,104000.0,105330.35714285714,223080.06535947713
2012-10-29,403906.25,104000.0,99904.76190476191,219361.92810457517
2012-10-30,396420.8333333334,104000.0,99904.76190476191,216426.4705882353
2012-10-31,393858.3333333333,104000.0,99904.76190476191,215421.568627451
2012-11-01,395962.5,104000.0,106119.04761904762,219658.49673202616
2012-11-02,402741.6666666666,104000.0,105433.03571428571,221940.3594771242
2012-11-03,414450.0,51666.666666666664,112421.13095238095,227290.03267973856
2012-11-04,420433.3333333333,51666.666666666664,107441.96428571429,226902.77777777775
2012-11-05,413597.9166666666,51666.666666666664,114580.35714285714,228141.33986928104
2012-11-06,404816.6666666667,0.0,111318.45238095238,219867.64705882352
2012-11-07,405118.75,0.0,107184.5238095238,217716.50326797384
2012-11-08,394597.9166666666,51666.666666666664,120750.0,224077.614379085
2012-11-09,409000.0,51666.666666666664,120520.83333333334,229599.6732026144
2012-11-10,403870.8333333334,51666.666666666664,120148.80952380951,227383.9869281046
2012-11-11,396075.0,51666.666666666664,122296.13095238095,225505.71895424835
2012-11-12,401779.1666666666,51666.666666666664,125974.70238095238,229762.25490196078
2012-11-13,400050.0,51666.666666666664,119546.13095238095,225554.7385620915
2012-11-14,397181.25,51666.666666666664,119254.46428571429,224269.60784313726
2012-11-15,399587.5,51666.666666666664,115934.5238095238,223390.52287581697
2012-11-16,421100.0,51666.666666666664,117281.25,232566.17647058822
2012-11-17,421100.0,51666.666666666664,117995.53571428571,232958.33333333334
2012-11-18,415204.1666666666,51666.666666666664,120174.10714285714,231842.3202614379
2012-11-19,414789.5833333334,51666.666666666664,120736.60714285714,231988.56209150326
2012-11-20,411335.4166666667,51666.666666666664,121252.9761904762,230917.4836601307
2012-11-21,402593.75,51666.666666666664,121892.85714285714,227840.6862745098
2012-11-22,407487.5,51666.666666666664,121892.85714285714,229759.80392156861
2012-11-23,422702.0833333333,104000.0,121892.85714285714,238804.7385620915
2012-11-24,419662.5,104000.0,124142.85714285714,238848.03921568627
2012-11-25,419641.6666666667,104000.0,122928.57142857143,238173.2026143791
2012-11-26,425322.9166666667,104000.0,124410.71428571429,241214.86928104577
2012-11-27,419308.3333333334,104000.0,125188.98809523809,239283.49673202616
2012-11-28,422372.9166666667,104000.0,125188.98809523809,240485.29411764705
2012-11-29,417787.5,104000.0,119438.98809523809,235530.22875816992
2012-11-30,414379.1666666667,104000.0,116915.17857142857,232808.00653594773
2012-12-01,405064.5833333334,157000.0,116438.98809523809,233511.6666666667
2012-12-02,409329.1666666666,157000.0,118415.12345679013,238730.44217687074
2012-12-03,420656.25,157000.0,118436.01190476191,240866.6666666667
2012-12-04,424193.75,157000.0,120936.01190476191,243681.6666666667
2012-12-05,425045.8333333333,157000.0,125304.01234567902,248941.32653061225
2012-12-06,425587.5,157000.0,125304.01234567902,249162.41496598642
2012-12-07,423075.0,157000.0,120158.95061728395,245301.87074829932
2012-12-08,422950.0,157000.0,117788.58024691358,243944.72789115645
2012-12-09,430650.0,157000.0,114947.53086419754,245522.10884353743
2012-12-10,430200.0,157000.0,117788.58024691358,246903.91156462583
2012-12-11,429137.5,157000.0,124648.14814814815,250250.0
2012-12-12,430100.0,157000.0,125418.2098765432,251067.17687074828
2012-12-13,430400.0,157000.0,126297.83950617284,251674.31972789115
2012-12-14,420600.0,157000.0,126075.61728395062,247551.87074829932
2012-12-15,428212.5,157000.0,127791.66666666667,251604.5918367347
2012-12-16,423150.0,157000.0,127098.76543209876,249156.462585034
2012-12-17,424766.6666666667,157000.0,127791.66666666667,250198.12925170068
2012-12-18,414412.5,154770.8333333333,143384.25925925927,254472.78911564624
2012-12-19,419597.9166666667,154770.8333333333,143384.25925925927,256589.2857142857
2012-12-20,415670.8333333334,157000.0,141047.83950617284,253789.96598639456
2012-12-21,428500.0,157000.0,138939.8148148148,257864.79591836734
2012-12-22,427812.5,157000.0,142047.83950617284,259296.768707483
2012-12-23,424741.6666666667,157000.0,142273.14814814815,258167.51700680272
2012-12-24,429000.0,157000.0,135924.10714285713,253997.5
2012-12-25,423200.0,157000.0,141408.95061728393,257062.07482993195
2012-12-26,424737.5,157000.0,141125.0,257533.16326530612
2012-12-27,418114.5833333334,157000.0,140361.11111111112,254409.01360544216
2012-12-28,421845.8333333333,157000.0,140824.07407407407,256187.07482993195
2012-12-29,430712.5,157000.0,141444.44444444444,260147.95918367346
2012-12-30,429800.0,157000.0,142523.14814814815,260369.89795918367
2012-12-31,429400.0,157000.0,137433.0357142857,255002.5
2013-01-01,428950.0,157000.0,133058.0357142857,252372.5
2013-01-02,428400.0,157000.0,133058.0357142857,252152.5
2013-01-03,428300.0,157000.0,131129.4642857143,251032.5
2013-01-04,428300.0,157000.0,130986.60714285714,250952.5
2013-01-05,428300.0,157000.0,130897.32142857143,250902.5
2013-01-06,428200.0,157000.0,126540.17857142857,248422.5
2013-01-07,428150.0,157000.0,127555.05952380951,248970.8333333333
2013-01-08,428000.0,157000.0,127483.63095238095,248870.8333333333
2013-01-09,415289.5833333334,157000.0,127700.89285714286,243908.3333333333
2013-01-10,408675.0,157000.0,127700.89285714286,241262.5
2013-01-11,411583.3333333334,157000.0,127702.38095238095,242426.6666666667
2013-01-12,409050.0,157000.0,127764.88095238095,241448.3333333333
2013-01-13,408950.0,157000.0,125809.5238095238,240313.3333333333
2013-01-14,407687.5,157000.0,132988.09523809524,243828.3333333333
2013-01-15,404802.0833333333,157000.0,133059.52380952382,242714.1666666667
2013-01-16,405164.5833333334,157000.0,133059.52380952382,242859.1666666667
2013-01-17,413841.6666666667,157000.0,131845.23809523808,245650.0
2013-01-18,413837.5,157000.0,131413.69047619047,245406.6666666667
2013-01-19,413664.5833333334,157000.0,126220.23809523809,242429.1666666667
2013-01-20,415350.0,157000.0,126898.80952380951,243483.3333333333
2013-01-21,409433.3333333333,157000.0,127880.95238095238,241666.6666666667
2013-01-22,406891.6666666666,157000.0,127523.80952380951,240450.0
2013-01-23,409593.75,157000.0,127166.66666666666,241330.8333333333
2013-01-24,403331.25,157000.0,123806.54761904762,236944.1666666667
2013-01-25,410968.75,157000.0,125508.92857142857,240952.5
2013-01-26,423383.3333333333,157000.0,122799.10714285714,244400.8333333333
2013-01-27,417233.3333333334,157000.0,122833.33333333334,241960.0
2013-01-28,416725.0,157000.0,128174.10714285714,244747.5
2013-01-29,403583.3333333334,157000.0,129230.65476190476,240082.5
2013-01-30,392058.3333333334,157000.0,129699.40476190476,235735.0
2013-01-31,383016.6666666666,157000.0,130592.26190476191,232618.3333333333
2013-02-01,401737.5,157000.0,125413.69047619049,237206.6666666667
2013-02-02,402900.0,157000.0,125342.26190476191,237631.6666666667
2013-02-03,398687.5,157000.0,125976.19047619049,236301.6666666667
2013-02-04,396906.25,157000.0,133092.26190476192,239574.1666666667
2013-02-05,397787.5,157000.0,132806.54761904763,239766.6666666667
2013-02-06,396404.1666666666,157000.0,132806.54761904763,239213.3333333333
2013-02-07,394560.4166666666,157000.0,132747.02380952382,238442.5
2013-02-08,391400.0,157000.0,136354.16666666666,239198.3333333333
2013-02-09,393137.5,157000.0,132711.30952380953,237853.3333333333
2013-02-10,392900.0,157000.0,132053.57142857142,237390.0
2013-02-11,391858.3333333334,157000.0,134627.97619047618,238415.0
2013-02-12,398454.1666666666,157000.0,135282.73809523808,241420.0
2013-02-13,403620.8333333333,157000.0,134613.09523809524,243111.6666666667
2013-02-14,409700.0,157000.0,135282.73809523808,245918.3333333333
2013-02-15,414814.5833333334,157000.0,134997.02380952382,247804.1666666667
2013-02-16,415600.0,157000.0,134997.02380952382,248118.3333333333
2013-02-17,416100.0,157000.0,134754.4642857143,248182.5
2013-02-18,409868.75,157000.0,133556.54761904763,245019.1666666667
2013-02-19,396654.1666666666,157000.0,133556.54761904763,239733.3333333333
2013-02-20,394700.0,154770.8333333333,130627.9761904762,237222.5
2013-02-21,388016.6666666666,157000.0,127770.83333333334,233038.3333333333
2013-02-22,390537.5,153125.0,132949.40476190476,236791.6666666667
2013-02-23,390700.0,157000.0,132949.40476190476,237011.6666666667
2013-02-24,398008.3333333334,157000.0,134967.26190476192,241065.0
2013-02-25,398716.6666666666,157000.0,137062.5,242521.6666666667
2013-02-26,385527.0833333334,153125.0,138877.97619047618,238107.5
2013-02-27,384587.5,153125.0,138235.11904761905,237371.6666666667
2013-02-28,386247.9166666666,157000.0,136520.83333333334,237230.8333333333
2013-03-01,381606.25,157000.0,132096.72619047618,232896.6666666667
2013-03-02,381368.75,157000.0,135449.40476190476,234679.1666666667
2013-03-03,380916.6666666666,157000.0,131360.11904761905,232208.3333333333
2013-03-04,368614.5833333334,157000.0,129627.9761904762,226317.5
2013-03-05,374904.1666666666,157000.0,129623.51190476191,228830.8333333333
2013-03-06,377268.75,157000.0,129337.79761904762,229616.6666666667
2013-03-07,383397.9166666666,157000.0,131360.11904761905,233200.8333333333
2013-03-08,383204.1666666666,157000.0,130659.2261904762,232730.8333333333
2013-03-09,389141.6666666666,157000.0,126492.55952380951,232772.5
2013-03-10,397350.0,157000.0,123342.26190476191,234291.6666666667
2013-03-11,392060.4166666666,157000.0,129229.16666666666,235472.5
2013-03-12,377318.75,157000.0,132107.14285714287,231187.5
2013-03-13,372706.25,157000.0,132500.0,229562.5
2013-03-14,370445.8333333334,157000.0,132468.75,228640.8333333333
2013-03-15,379143.75,157000.0,132489.58333333334,232131.6666666667
2013-03-16,384466.6666666666,157000.0,130339.28571428571,233056.6666666667
2013-03-17,375691.6666666667,157000.0,131504.4642857143,230199.1666666667
2013-03-18,386383.3333333334,157000.0,131504.4642857143,234475.8333333333
2013-03-19,384875.0,157000.0,132845.23809523808,234623.3333333333
2013-03-20,379987.5,157000.0,123872.0238095238,227643.3333333333
2013-03-21,386379.1666666666,157000.0,124392.85714285714,230491.6666666667
2013-03-22,406300.0,157000.0,125443.45238095238,239048.3333333333
2013-03-23,419600.0,157000.0,124392.85714285714,243780.0
2013-03-24,418950.0,157000.0,119750.0,240920.0
2013-03-25,406600.0,157000.0,126250.0,239620.0
2013-03-26,406100.0,157000.0,126187.5,239385.0
2013-03-27,405950.0,157000.0,124724.70238095238,238505.8333333333
2013-03-28,405800.0,157000.0,120857.14285714286,236280.0
2013-03-29,405750.0,157000.0,113839.28571428571,232330.0
2013-03-30,405550.0,157000.0,121678.57142857143,236640.0
2013-03-31,406904.1666666666,157000.0,127938.98809523809,240687.5
2013-04-01,408900.0,157000.0,128401.78571428571,241745.0
2013-04-02,390012.5,157000.0,128401.78571428571,234190.0
2013-04-03,387883.3333333334,157000.0,130580.35714285714,234558.3333333333
2013-04-04,391314.5833333333,157000.0,125973.21428571429,233350.8333333333
2013-04-05,397675.0,157000.0,137401.7857142857,242295.0
2013-04-06,394537.5,157000.0,135029.76190476192,239711.6666666667
2013-04-07,396608.3333333334,157000.0,134138.39285714287,240040.8333333333
2013-04-08,392950.0,157000.0,135806.54761904763,239511.6666666667
2013-04-09,383572.9166666666,157000.0,136651.7857142857,236234.1666666667
2013-04-10,374679.1666666667,157000.0,136687.5,232696.6666666667
2013-04-11,383016.6666666666,157000.0,136687.5,236031.6666666667
2013-04-12,395856.25,157000.0,127330.35714285714,235927.5
2013-04-13,402264.5833333334,157000.0,127687.5,238690.8333333333
2013-04-14,400039.5833333334,157000.0,127258.92857142857,237560.8333333333
2013-04-15,392208.3333333334,157000.0,127541.66666666666,234586.6666666667
2013-04-16,385250.0,157000.0,134299.10714285713,235587.5
2013-04-17,383741.6666666666,157000.0,134311.01190476192,234990.8333333333
2013-04-18,381060.4166666666,157000.0,133075.89285714287,233226.6666666667
2013-04-19,384735.4166666666,157000.0,130596.7261904762,233308.3333333333
2013-04-20,388910.4166666666,157000.0,122822.91666666666,230625.0
2013-04-21,389166.6666666666,157000.0,130983.63095238095,235297.5
2013-04-22,394010.4166666666,157000.0,130105.65476190476,236743.3333333333
2013-04-23,390481.25,157000.0,126657.73809523809,233400.8333333333
2013-04-24,384075.0,157000.0,132108.63095238095,233890.8333333333
2013-04-25,381058.3333333334,157000.0,131523.80952380953,232356.6666666667
2013-04-26,388793.75,157000.0,131523.80952380953,235450.8333333333
2013-04-27,403877.0833333334,157000.0,128803.57142857143,239960.8333333333
2013-04-28,404433.3333333334,157000.0,126565.4761904762,238930.0
2013-04-29,399850.0,157000.0,127672.61904761905,237716.6666666667
2013-04-30,392545.8333333334,157000.0,128781.25,235415.8333333333
2013-05-01,404800.0,157000.0,130177.08333333333,241099.1666666667
2013-05-02,399520.8333333334,157000.0,131962.79761904763,239987.5
2013-05-03,401745.8333333334,157000.0,135559.52380952382,242891.6666666667
2013-05-04,407670.8333333333,157000.0,135561.01190476192,245262.5
2013-05-05,412550.0,157000.0,135492.55952380953,247175.8333333333
2013-05-06,412500.0,157000.0,136563.98809523808,247755.8333333333
2013-05-07,401783.3333333334,157000.0,136566.9642857143,243470.8333333333
2013-05-08,399802.0833333334,157000.0,136639.88095238095,242719.1666666667
2013-05-09,405250.0,157000.0,136596.72619047618,244874.1666666667
2013-05-10,411300.0,157000.0,133763.39285714287,245707.5
2013-05-11,411000.0,157000.0,133525.29761904763,245454.1666666667
2013-05-12,410900.0,157000.0,133572.91666666666,245440.8333333333
2013-05-13,411500.0,157000.0,128403.2738095238,242785.8333333333
2013-05-14,409225.0,157000.0,131382.44047619047,243544.1666666667
2013-05-15,400487.5,157000.0,131409.22619047618,240064.1666666667
2013-05-16,409677.0833333334,157000.0,135812.5,246205.8333333333
2013-05-17,415375.0,157000.0,136523.80952380953,248883.3333333333
2013-05-18,418375.0,157000.0,138915.17857142858,251422.5
2013-05-19,419850.0,157000.0,138738.09523809524,251913.3333333333
2013-05-20,404172.9166666666,157000.0,125117.55952380951,238015.0
2013-05-21,399370.8333333333,157000.0,127683.03571428571,237530.8333333333
2013-05-22,403633.3333333334,157000.0,129830.35714285714,240438.3333333333
2013-05-23,390733.3333333334,157000.0,129970.23809523809,235356.6666666667
2013-05-24,405700.0,157000.0,129444.94047619049,241049.1666666667
2013-05-25,400137.5,157000.0,128578.86904761905,238339.1666666667
2013-05-26,384880.95238095237,157000.0,128099.70238095238,234966.50326797384
2013-05-27,383543.6507936508,157000.0,129507.44047619049,235188.72549019608
2013-05-28,379398.8095238095,157000.0,129436.01190476191,233442.81045751635
2013-05-29,390458.3333333333,157000.0,134757.44047619047,240918.30065359478
2013-05-30,378448.4126984127,157000.0,132584.82142857142,234780.22875816992
2013-05-31,395690.4761904762,157000.0,133793.15476190476,242543.30065359478
2013-06-01,363428.5714285714,157000.0,132578.86904761905,228592.3202614379
2013-06-02,364000.0,157000.0,133328.86904761905,229239.37908496734
2013-06-03,366964.28571428574,157000.0,133327.38095238095,230459.15032679736
2013-06-04,371873.01587301586,157000.0,134370.5357142857,233053.10457516342
2013-06-05,370928.5714285714,157000.0,134434.52380952382,232699.34640522875
2013-06-06,371400.79365079367,157000.0,134321.42857142858,232831.69934640522
2013-06-07,371873.01587301586,157000.0,134431.54761904763,233086.60130718953
2013-06-08,372015.873015873,157000.0,134428.57142857142,233143.7908496732
2013-06-09,371587.3015873016,157000.0,131950.89285714287,231607.02614379086
2013-06-10,374047.61904761905,157000.0,129636.90476190476,231349.6732026144
2013-06-11,368609.126984127,157000.0,129397.32142857143,228978.75816993462
2013-06-12,366325.3968253968,157000.0,132130.95238095237,229539.21568627452
2013-06-13,367595.2380952381,157000.0,132130.95238095237,230062.09150326796
2013-06-14,374285.71428571426,157000.0,130976.19047619049,232183.00653594773
2013-06-15,374142.85714285716,157000.0,131550.59523809524,232439.54248366013
2013-06-16,374428.5714285714,157000.0,131020.83333333334,232266.33986928104
2013-06-17,374238.09523809527,157000.0,125200.89285714286,228992.64705882352
2013-06-18,362357.14285714284,157000.0,122494.04761904762,222614.37908496734
2013-06-19,362501.9841269841,157000.0,120074.40476190476,221345.58823529413
2013-06-20,359964.28571428574,157000.0,112755.95238095238,216282.6797385621
2013-06-21,390470.2380952381,157000.0,126592.26190476191,236440.3594771242
2013-06-22,408238.09523809527,157000.0,121410.71428571429,240911.76470588235
2013-06-23,408238.09523809527,157000.0,119123.51190476191,239656.045751634
2013-06-24,405978.17460317456,157000.0,119166.66666666666,238749.18300653595
2013-06-25,403488.09523809527,157000.0,122022.32142857143,239291.66666666666
2013-06-26,395309.5238095238,157000.0,124309.5238095238,237179.7385620915
2013-06-27,396210.31746031746,157000.0,124004.46428571429,237383.16993464052
2013-06-28,405285.71428571426,157000.0,127852.67857142857,243232.8431372549
2013-06-29,400486.1111111111,157000.0,127635.41666666666,241137.25490196078
2013-06-30,398190.4761904762,157000.0,124273.80952380951,238346.40522875814
2013-07-01,400676.58730158734,157000.0,122017.85714285714,238131.53594771243
2013-07-02,403587.3015873016,157000.0,122016.36904761905,239329.24836601305
2013-07-03,404930.5555555555,157000.0,122020.83333333334,239884.80392156861
2013-07-04,403261.90476190473,157000.0,121976.19047619049,239173.2026143791
2013-07-05,405277.7777777778,157000.0,119690.4761904762,238748.36601307188
2013-07-06,405952.38095238095,157000.0,118645.83333333334,238452.614379085
2013-07-07,405952.38095238095,157000.0,118915.17857142857,238600.49019607843
2013-07-08,405809.5238095238,157000.0,126800.59523809524,242870.91503267974
2013-07-09,405666.6666666667,157000.0,117203.86904761905,237543.30065359478
2013-07-10,401450.39682539686,157000.0,126375.0,240842.3202614379
2013-07-11,396708.3333333333,157000.0,130360.11904761905,241077.614379085
2013-07-12,400904.7619047619,157000.0,130360.11904761905,242805.55555555556
2013-07-13,399345.2380952381,157000.0,130354.16666666666,242160.13071895423
2013-07-14,399146.8253968254,157000.0,128404.76190476191,241008.16993464052
2013-07-15,400428.5714285714,157000.0,128599.70238095238,241642.97385620914
2013-07-16,398196.4285714286,157000.0,127215.7738095238,239964.0522875817
2013-07-17,380912.6984126984,157000.0,126132.44047619049,232252.45098039217
2013-07-18,388994.04761904763,157000.0,126953.86904761905,236031.045751634
2013-07-19,402190.4761904762,157000.0,127816.96428571429,241938.72549019608
2013-07-20,396962.3015873016,157000.0,128241.07142857143,240018.7908496732
2013-07-21,394809.5238095238,157000.0,127672.61904761905,238820.2614379085
2013-07-22,394809.5238095238,157000.0,127674.10714285714,238821.07843137256
2013-07-23,381394.84126984124,157000.0,121250.0,229770.4248366013
2013-07-24,379785.71428571426,157000.0,121248.51190476191,229107.02614379086
2013-07-25,376420.6349206349,157000.0,117925.59523809524,225897.0588235294
2013-07-26,385057.53968253965,157000.0,129924.10714285714,236040.84967320264
2013-07-27,390000.0,157000.0,124995.53571428571,235370.0980392157
2013-07-28,400476.1904761905,157000.0,124739.58333333334,239543.30065359478
2013-07-29,395910.71428571426,157000.0,124663.69047619049,237621.7320261438
2013-07-30,391904.7619047619,157000.0,127047.61904761905,237281.045751634
2013-07-31,399507.93650793645,157000.0,127044.64285714286,240410.13071895423
2013-08-01,407593.253968254,157000.0,129223.21428571429,244935.45751633987
2013-08-02,407682.5396825397,157000.0,129116.07142857143,244913.39869281047
2013-08-03,404805.5555555555,157000.0,125876.48809523809,241950.16339869282
2013-08-04,406142.85714285716,157000.0,128303.57142857143,243833.33333333334
2013-08-05,398416.6666666667,157000.0,129982.14285714286,241573.5294117647
2013-08-06,392138.8888888889,157000.0,130514.88095238095,239281.045751634
2013-08-07,367031.74603174604,157000.0,126852.67857142857,226932.18954248365
2013-08-08,367492.0634920635,157000.0,127532.73809523809,227495.0980392157
2013-08-09,367492.0634920635,157000.0,127581.84523809524,227522.0588235294
2013-08-10,370000.0,157000.0,127672.61904761905,228604.5751633987
2013-08-11,370142.85714285716,157000.0,121441.96428571429,225242.64705882352
2013-08-12,370142.85714285716,157000.0,123500.0,226372.54901960783
2013-08-13,372724.20634920633,157000.0,123563.98809523809,227470.58823529413
2013-08-14,386337.3015873016,157000.0,117687.5,229849.6732026144
2013-08-15,388807.5396825397,157000.0,124473.21428571429,234592.3202614379
2013-08-16,395432.53968253965,157000.0,131166.66666666666,240995.0980392157
2013-08-17,360000.0,157000.0,123453.86904761905,222170.75163398695
2013-08-18,382380.95238095237,157000.0,120964.28571428571,230019.60784313726
2013-08-19,394285.71428571426,157000.0,116979.16666666666,232733.66013071896
2013-08-20,393174.60317460314,157000.0,125250.0,236816.99346405227
2013-08-21,384134.9206349206,157000.0,127428.57142857143,234290.84967320264
2013-08-22,388611.1111111111,157000.0,128883.92857142857,236933.00653594773
2013-08-23,403142.85714285716,157000.0,127797.61904761905,242320.2614379085
2013-08-24,408095.2380952381,157000.0,127699.40476190476,244305.55555555556
2013-08-25,408428.5714285714,157000.0,127691.96428571429,244438.72549019608
2013-08-26,408428.5714285714,157000.0,127694.94047619049,244440.3594771242
2013-08-27,398190.4761904762,157000.0,129988.09523809524,241483.66013071896
2013-08-28,398476.1904761905,157000.0,131276.7857142857,242308.82352941178
2013-08-29,403825.39682539686,157000.0,131275.29761904763,244510.62091503266
2013-08-30,403807.5396825397,157000.0,126632.44047619049,241954.24836601305
2013-08-31,404093.253968254,157000.0,126626.48809523809,242068.6274509804
2013-09-01,403950.39682539686,157000.0,127058.03571428571,242246.7320261438
2013-09-02,398236.1111111111,157000.0,129248.5119047619,241096.40522875814
2013-09-03,382789.68253968254,157000.0,127563.9880952381,233811.27450980392
2013-09-04,380555.5555555555,157000.0,127852.67857142857,233049.83660130718
2013-09-05,379043.65079365077,157000.0,128584.82142857143,232829.24836601305
2013-09-06,383904.7619047619,157000.0,129212.79761904762,235175.65359477125
2013-09-07,388507.9365079365,157000.0,128187.5,236508.16993464052
2013-09-08,385888.8888888889,157000.0,132177.08333333334,237620.0980392157
2013-09-09,390142.85714285716,157000.0,134654.76190476192,240732.02614379086
2013-09-10,389565.4761904762,157000.0,125014.88095238095,235201.7973856209
2013-09-11,377323.4126984127,157000.0,119650.29761904762,227215.6862745098
2013-09-12,387773.8095238095,157000.0,125700.89285714286,234840.6862745098
2013-09-13,389904.7619047619,157000.0,127693.45238095238,236812.09150326796
2013-09-14,390345.2380952381,157000.0,127761.90476190476,237031.045751634
2013-09-15,381273.8095238095,157000.0,129123.51190476191,234043.30065359478
2013-09-16,385251.98412698414,157000.0,123834.82142857143,232777.77777777775
2013-09-17,378638.8888888889,157000.0,120568.45238095238,228261.43790849674
2013-09-18,386555.55555555556,157000.0,126302.08333333333,234669.11764705883
2013-09-19,389105.1587301587,157000.0,136092.26190476192,241093.954248366
2013-09-20,391666.6666666667,157000.0,136090.77380952382,242147.87581699344
2013-09-21,390055.55555555556,157000.0,135656.25,241245.91503267974
2013-09-22,377696.4285714286,157000.0,137895.83333333334,237386.43790849674
2013-09-23,381819.44444444444,157000.0,138157.73809523808,239227.9411764706
2013-09-24,368807.53968253965,157000.0,137617.55952380953,233573.5294117647
2013-09-25,373426.5873015873,157000.0,133421.13095238095,233171.568627451
2013-09-26,373813.49206349207,157000.0,135199.40476190476,234307.18954248365
2013-09-27,387126.98412698414,157000.0,135270.83333333334,239828.431372549
2013-09-28,383168.6507936508,157000.0,134062.5,237535.13071895423
2013-09-29,363672.61904761905,157000.0,134453.86904761905,229722.22222222225
2013-09-30,391952.38095238095,157000.0,135671.13095238095,242035.13071895423
2013-10-01,382019.8412698413,157000.0,122534.2261904762,230732.8431372549
2013-10-02,378519.8412698413,157000.0,121638.39285714286,228799.83660130718
2013-10-03,386605.1587301587,157000.0,124415.17857142857,233653.59477124186
2013-10-04,392718.253968254,157000.0,125397.32142857143,236709.96732026144
2013-10-05,395162.6984126984,157000.0,121755.95238095238,235717.3202614379
2013-10-06,394248.01587301586,157000.0,122119.04761904762,235540.03267973856
2013-10-07,394248.01587301586,157000.0,119997.0238095238,234375.0
2013-10-08,383000.0,157000.0,121084.82142857143,230340.6862745098
2013-10-09,381898.8095238095,157000.0,118333.33333333334,228376.63398692812
2013-10-10,379009.9206349206,157000.0,116568.45238095238,226218.13725490196
2013-10-11,393232.14285714284,157000.0,121361.60714285714,234705.88235294117
2013-10-12,390500.0,157000.0,113700.89285714286,229375.0
2013-10-13,392702.38095238095,157000.0,113790.17857142857,230330.88235294117
2013-10-14,381674.6031746032,157000.0,110720.2380952381,224104.5751633987
2013-10-15,386198.41269841266,157000.0,117153.27380952382,229499.18300653595
2013-10-16,379244.04761904763,157000.0,124430.05952380954,230630.71895424835
2013-10-17,379047.61904761905,157000.0,120059.5238095238,228150.3267973856
2013-10-18,386142.85714285716,157000.0,124236.60714285714,233365.19607843139
2013-10-19,382333.3333333333,157000.0,113516.36904761905,225910.9477124183
2013-10-20,378150.79365079367,157000.0,117388.39285714286,226314.54248366013
2013-10-21,374244.04761904763,157000.0,126157.73809523809,229520.4248366013
2013-10-22,368214.28571428574,157000.0,126211.30952380951,227066.99346405227
2013-10-23,369869.04761904763,157000.0,126327.38095238095,227812.09150326796
2013-10-24,368579.3650793651,157000.0,127430.05952380951,227886.43790849674
2013-10-25,369928.5714285714,157000.0,126418.15476190476,227886.43790849674
2013-10-26,370517.85714285716,157000.0,126386.90476190476,228111.92810457517
2013-10-27,369255.95238095237,157000.0,126668.15476190476,227746.7320261438
2013-10-28,368119.04761904763,157000.0,134215.77380952382,231422.385620915
2013-10-29,365349.20634920633,157000.0,124394.34523809524,224889.70588235295
2013-10-30,363503.9682539682,157000.0,123247.0238095238,223500.0
2013-10-31,358900.79365079367,157000.0,122437.5,221160.13071895423
2013-11-01,372327.38095238095,157000.0,122665.17857142857,226813.72549019608
2013-11-02,396924.6031746032,157000.0,125139.88095238095,238300.65359477125
2013-11-03,389269.8412698413,157000.0,126761.90476190476,236039.21568627452
2013-11-04,386541.6666666667,157000.0,123750.0,233262.25490196078
2013-11-05,375404.7619047619,157000.0,120799.10714285714,227056.3725490196
2013-11-06,376642.85714285716,157000.0,123816.96428571429,229223.03921568627
2013-11-07,385906.746031746,157000.0,121933.03571428571,232003.2679738562
2013-11-08,391912.6984126984,157000.0,122964.28571428571,235042.4836601307
2013-11-09,390428.5714285714,157000.0,122538.69047619049,234197.71241830065
2013-11-10,371590.9090909091,157000.0,119116.07142857143,227389.42307692306
2013-11-11,371992.42424242425,157000.0,121870.53571428571,229042.46794871797
2013-11-12,375022.7272727273,157000.0,127333.33333333334,233266.02564102566
2013-11-13,375539.7727272727,157000.0,127302.08333333334,233467.94871794872
2013-11-14,371094.696969697,157000.0,124982.14285714286,230338.14102564103
2013-11-15,384310.6060606061,157000.0,130040.17857142857,238653.04487179487
2013-11-16,383954.54545454547,157000.0,126325.89285714286,236502.40384615384
2013-11-17,386909.0909090909,157000.0,126136.90476190476,237650.64102564103
2013-11-18,382437.5,157000.0,126273.80952380951,235832.53205128203
2013-11-19,368231.0606060606,157000.0,125916.66666666666,229629.8076923077
2013-11-20,364750.0,157000.0,130238.09523809524,230483.97435897434
2013-11-21,381645.8333333334,157000.0,132366.07142857142,238778.04487179487
2013-11-22,391363.63636363635,157000.0,131916.66666666666,242647.43589743588
2013-11-23,389151.5151515152,157000.0,133845.23809523808,242750.0
2013-11-24,389287.87878787884,157000.0,131642.85714285713,241621.79487179487
2013-11-25,383482.95454545453,157000.0,134166.66666666666,240524.83974358972
2013-11-26,373145.8333333333,157000.0,135739.58333333334,236998.39743589744
2013-11-27,371106.0606060606,157000.0,132732.14285714287,234516.02564102566
2013-11-28,337045.6666666666,106541.66666666667,132839.2857142857,222594.0476190476
2013-11-29,345427.3333333334,106541.66666666667,130400.29761904762,225116.36904761902
2013-11-30,349719.0,106541.66666666667,138019.34523809524,230841.81547619047
2013-12-01,349467.0,106541.66666666667,131281.25,227360.26785714287
2013-12-02,359012.0,106541.66666666667,134522.32142857142,233241.9642857143
2013-12-03,358838.6666666666,106541.66666666667,134522.32142857142,233164.5833333333
2013-12-04,359302.0,106541.66666666667,139007.44047619047,235613.9880952381
2013-12-05,360517.0,106541.66666666667,139116.07142857142,236210.7142857143
2013-12-06,360757.0,106541.66666666667,136665.17857142858,235092.4107142857
2013-12-07,362837.0,106541.66666666667,124083.33333333334,229730.05952380953
2013-12-08,360417.6666666666,106541.66666666667,133599.70238095237,233408.18452380953
2013-12-09,356417.6666666666,106541.66666666667,135447.91666666666,232546.5773809524
2013-12-10,355372.6666666666,106541.66666666667,138757.44047619047,233734.82142857142
2013-12-11,358051.0,106541.66666666667,139293.15476190476,235198.3630952381
2013-12-12,359159.1666666666,106541.66666666667,142276.7857142857,237184.8958333333
2013-12-13,358199.1666666666,106541.66666666667,143574.40476190476,237405.13392857142
2013-12-14,350484.1666666666,106541.66666666667,141043.15476190476,232695.3125
2013-12-15,349399.1666666666,106541.66666666667,133386.90476190476,228382.8125
2013-12-16,343141.3333333334,106541.66666666667,140909.22619047618,229350.2976190476
2013-12-17,335529.6666666666,106541.66666666667,143089.2857142857,227042.2619047619
2013-12-18,330294.6666666667,106541.66666666667,145044.64285714287,225682.8869047619
2013-12-19,335156.3333333333,106541.66666666667,138674.10714285713,224668.00595238098
2013-12-20,356256.3333333334,106541.66666666667,138732.14285714287,234116.6666666667
2013-12-21,352044.6666666666,106541.66666666667,134311.01190476192,230025.89285714287
2013-12-22,350266.3333333334,106541.66666666667,132122.02380952382,228137.5
2013-12-23,355898.0,106541.66666666667,134311.01190476192,231746.13095238098
2013-12-24,359283.0,106541.66666666667,137751.48809523808,234977.52976190476
2013-12-25,361894.6666666666,106541.66666666667,131571.42857142858,233053.4226190476
2013-12-26,364263.0,106541.66666666667,140843.75,238746.875
2013-12-27,364988.0,106541.66666666667,141613.09523809524,239455.2083333333
2013-12-28,365528.0,106541.66666666667,141275.29761904763,239527.38095238098
2013-12-29,357188.0,106541.66666666667,147586.30952380953,238959.6726190476
2013-12-30,352923.0,106541.66666666667,147775.29761904763,237150.14880952382
2013-12-31,352883.0,106541.66666666667,147700.89285714287,237095.0892857143
2014-01-01,360408.0,106541.66666666667,145275.29761904763,239241.6666666667
2014-01-02,360408.0,106541.66666666667,145273.80952380953,239240.9226190476
2014-01-03,364788.8333333334,106541.66666666667,145166.66666666666,241143.08035714287
2014-01-04,364713.8333333334,106541.66666666667,142175.59523809524,239614.0625
2014-01-05,355331.3333333334,106541.66666666667,143202.38095238095,235938.8392857143
2014-01-06,355399.6666666666,106541.66666666667,144273.80952380953,236505.05952380953
2014-01-07,355366.3333333334,106541.66666666667,143936.01190476192,236321.27976190476
2014-01-08,343641.3333333334,106541.66666666667,144380.95238095237,231309.375
2014-01-09,351276.3333333334,106541.66666666667,146488.09523809524,235771.42857142858
2014-01-10,345383.1111111111,106541.66666666667,146630.95238095237,233211.95436507935
2014-01-11,343331.4444444445,106541.66666666667,146630.95238095237,232296.03174603175
2014-01-12,343354.77777777775,106541.66666666667,147520.83333333334,232751.3888888889
2014-01-13,343270.3333333334,106541.66666666667,147964.2857142857,232935.4166666667
2014-01-14,339747.0,106541.66666666667,145235.11904761905,229997.9166666667
2014-01-15,328683.6666666666,106541.66666666667,145559.52380952382,225221.13095238098
2014-01-16,326672.0,106541.66666666667,146130.95238095237,224608.77976190476
2014-01-17,326512.0,106541.66666666667,145651.7857142857,224297.76785714287
2014-01-18,324295.3333333333,106541.66666666667,148258.92857142858,224611.75595238098
2014-01-19,325640.3333333333,106541.66666666667,146166.66666666666,224166.07142857142
2014-01-20,327294.0,106541.66666666667,146157.73809523808,224899.85119047618
2014-01-21,326419.0,106541.66666666667,144645.83333333334,223753.27380952382
2014-01-22,328082.3333333333,106541.66666666667,144943.45238095237,224644.64285714287
2014-01-23,328304.0,106541.66666666667,139622.02380952382,222082.8869047619
2014-01-24,327899.0,106541.66666666667,141613.09523809524,222897.61904761902
2014-01-25,327939.0,106541.66666666667,136766.36904761905,220492.1130952381
2014-01-26,327832.8333333333,106541.66666666667,138477.67857142858,221300.37202380953
2014-01-27,336489.5,106541.66666666667,141870.5357142857,226861.38392857142
2014-01-28,334286.1666666666,106541.66666666667,141546.13095238095,225715.5505952381
2014-01-29,331206.1666666667,106541.66666666667,141870.5357142857,224502.75297619047
2014-01-30,333856.8333333333,80136.25,138550.59523809524,220111.97368421053
2014-01-31,343598.5,80136.25,142834.82142857142,226489.16666666666
2014-02-01,341227.1666666666,80136.25,135372.02380952382,221783.1725146199
2014-02-02,341027.1666666666,80136.25,134191.9642857143,221115.77485380115
2014-02-03,337220.5,80136.25,137148.80952380953,220898.66959064326
2014-02-04,328383.8333333333,80136.25,135964.2857142857,216441.067251462
2014-02-05,322358.1666666667,80136.25,137857.14285714287,214728.05555555553
2014-02-06,320339.0,80136.25,132180.05952380953,211053.7134502924
2014-02-07,321610.6666666666,80136.25,134180.05952380953,212593.91812865497
2014-02-08,320895.6666666666,80136.25,136415.17857142858,213378.27485380115
2014-02-09,324576.5384615385,80136.25,139163.69047619047,216342.8385065227
2014-02-10,324940.8333333333,80136.25,139010.41666666666,216427.3245614035
2014-02-11,319201.1666666667,80136.25,135205.35714285713,212040.77485380115
2014-02-12,317614.5,80136.25,138321.42857142858,212875.5701754386
2014-02-13,319915.6666666667,80136.25,137214.2857142857,213340.99415204677
2014-02-14,320809.0,80136.25,137214.2857142857,213732.80701754385
2014-02-15,320902.3333333333,80136.25,136989.58333333334,213663.3625730994
2014-02-16,321082.3859649123,80136.25,142678.57142857142,216536.9236688212
2014-02-17,323138.95238095237,80136.25,142377.97619047618,217291.26566416043
2014-02-18,314617.2857142857,80136.25,143857.14285714287,214280.3007518797
2014-02-19,313990.61904761905,80136.25,143857.14285714287,214005.4469507101
2014-02-20,314635.1568627451,80136.25,143857.14285714287,214288.13897488822
2014-02-21,315277.0,80136.25,140250.0,212797.71929824562
2014-02-22,315257.0,80136.25,130607.14285714286,208052.1052631579
2014-02-23,315092.0,80136.25,141642.85714285713,213400.7894736842
2014-02-24,315012.0,80136.25,139129.4642857143,212131.05263157896
2014-02-25,311322.3333333334,80136.25,142150.2976190476,211996.69590643272
2014-02-26,310609.0,80136.25,136500.0,208908.24561403508
2014-02-27,310352.0,80136.25,140053.57142857142,210541.1403508772
2014-02-28,310897.0,80136.25,136199.40476190476,208886.90058479534
2014-03-01,317660.3333333333,80136.25,131178.57142857142,209386.90058479534
2014-03-02,320377.0,80136.25,135821.42857142858,212859.12280701756
2014-03-03,312270.3333333333,80136.25,138306.54761904763,210524.3274853801
2014-03-04,304100.3333333333,80136.25,138587.79761904763,207079.15204678362
2014-03-05,302378.6666666666,80136.25,132250.0,203210.73099415202
2014-03-06,302380.3333333333,80136.25,132706.84523809524,203435.87719298244
2014-03-07,321246.6666666667,80136.25,133321.42857142858,212012.48538011694
2014-03-08,320966.5,80136.25,133321.42857142858,211889.6052631579
2014-03-09,320665.3333333333,80136.25,135910.7142857143,213029.44444444447
2014-03-10,320555.3333333333,80136.25,132669.64285714287,211389.09356725146
2014-03-11,301343.3333333333,80136.25,132964.2857142857,203107.51461988306
2014-03-12,302093.3333333333,80136.25,132964.2857142857,203436.4619883041
2014-03-13,306530.0,80136.25,132964.2857142857,205382.36842105264
2014-03-14,313893.3333333333,80136.25,133842.26190476192,209043.18713450292
2014-03-15,314008.3333333333,80136.25,138598.2142857143,211429.88304093567
2014-03-16,314048.3333333333,80136.25,137187.5,210754.44444444447
2014-03-17,312537.3333333333,80136.25,137456.84523809524,210224.0350877193
2014-03-18,323595.4861111111,80136.25,138943.45238095237,213879.52380952382
2014-03-19,325039.93055555556,80136.25,138741.07142857142,214397.38095238098
2014-03-20,310897.0,80136.25,139214.2857142857,210367.8947368421
2014-03-21,309675.3333333333,80136.25,141625.0,211016.2865497076
2014-03-22,313458.3333333333,80136.25,137110.11904761905,208618.3630952381
2014-03-23,304708.3333333333,80136.25,136604.16666666666,204615.3869047619
2014-03-24,293394.3333333333,80136.25,143357.14285714287,204726.37426900587
2014-03-25,295055.3333333333,80136.25,144346.72619047618,205940.99415204677
2014-03-26,299159.0,80136.25,142089.2857142857,206631.9298245614
2014-03-27,306122.3333333333,80136.25,139168.15476190476,208251.08187134503
2014-03-28,309664.0,80136.25,142467.26190476192,211425.05847953216
2014-03-29,307349.3333333333,80136.25,142571.42857142858,210461.02339181287
2014-03-30,302409.0,80136.25,144714.2857142857,209346.84210526315
2014-03-31,304130.0,80136.25,144714.2857142857,210101.66666666666
2014-04-01,299309.6666666667,80136.25,147000.0,209110.2923976608
2014-04-02,298828.0,80136.25,147000.0,208899.0350877193
2014-04-03,299748.7142857143,80136.25,147107.14285714287,209355.48872180452
2014-04-04,305915.38095238095,80136.25,147642.85714285713,212323.32497911446
2014-04-05,311883.7142857143,80136.25,146000.0,214133.99749373435
2014-04-06,311818.7142857143,80136.25,146000.0,214105.48872180452
2014-04-07,311849.4705882353,80136.25,147962.79761904763,215083.1596147231
2014-04-08,308619.4705882353,80136.25,144785.7142857143,212105.82043343651
2014-04-09,303606.3333333333,80136.25,145367.55952380953,210192.8947368421
2014-04-10,308079.6666666667,80136.25,139934.52380952382,209486.02339181287
2014-04-11,308188.0,80136.25,143523.80952380953,211296.69590643272
2014-04-12,308603.0,80136.25,141741.07142857142,210602.98245614034
2014-04-13,309035.25,80136.25,141648.80952380953,210747.24415204677
2014-04-14,308305.25,80136.25,143717.26190476192,211443.15058479534
2014-04-15,307577.8333333334,80136.25,143000.0,210771.76900584798
2014-04-16,305038.75,80136.25,143744.04761904763,210023.63304093567
2014-04-17,311473.0,80136.25,138997.02380952382,210513.80116959065
2014-04-18,312349.0,80136.25,139035.7142857143,210917.01754385966
2014-04-19,312925.6666666666,80136.25,131203.86904761905,207322.71929824562
2014-04-20,312264.0,80136.25,133857.14285714287,208335.87719298244
2014-04-21,308472.75,80136.25,130474.70238095238,205011.49853801169
2014-04-22,303776.4202898551,80136.25,125392.85714285714,200455.35977625224
2014-04-23,301786.4202898551,80136.25,125038.69047619049,199408.57615052126
2014-04-24,304286.4202898551,80136.25,121666.66666666666,198848.6346300534
2014-04-25,315303.350877193,80136.25,121642.85714285714,203668.92582333027
2014-04-26,305267.6666666667,80136.25,114333.33333333334,195676.66666666666
2014-04-27,307862.6666666667,80136.25,127678.57142857143,203370.38011695904
2014-04-28,304884.3333333333,80136.25,126406.25,201439.09356725146
2014-04-29,302254.3333333333,64509.0,127678.57142857143,197481.091954023
2014-04-30,303502.7619047619,65682.91304347826,122187.5,195469.5450489041
2014-05-01,293371.3333333333,66192.33333333333,128444.94047619046,194167.29885057473
2014-05-02,303116.3333333333,66109.0,120032.73809523809,194299.4827586207
2014-05-03,309421.3333333333,66109.0,120034.2261904762,197017.87356321837
2014-05-04,309506.3333333333,66109.0,125587.79761904762,199735.5459770115
2014-05-05,304208.3333333333,66109.0,123997.0238095238,196683.9655172414
2014-05-06,293763.3333333333,66109.0,123998.51190476191,192182.52873563216
2014-05-07,300216.6666666667,65509.0,122892.85714285714,194378.64942528735
2014-05-08,300878.3333333333,66109.0,123291.66666666666,194908.10344827586
2014-05-09,315318.3333333333,66109.0,122819.94047619049,200904.51149425286
2014-05-10,319570.0,66109.0,93319.94047619049,188495.7471264368
2014-05-11,320388.3333333333,66109.0,101547.61904761905,192820.45977011492
2014-05-12,320606.3333333333,66109.0,117854.16666666666,200786.55172413794
2014-05-13,306958.0,66109.0,132799.10714285713,202118.44827586206
2014-05-14,314254.6666666667,66109.0,131572.91666666666,204671.6091954023
2014-05-15,318753.0,66109.0,135363.09523809524,208440.28735632182
2014-05-16,327058.0,66109.0,134693.4523809524,211696.7528735632
2014-05-17,326408.0,66109.0,134258.92857142858,211206.8103448276
2014-05-18,326728.0,66109.0,100470.23809523809,195032.95977011492
2014-05-19,325968.0,66109.0,135532.7380952381,211632.0977011494
2014-05-20,324108.0,66109.0,137382.44047619047,211723.33333333334
2014-05-21,324158.6666666667,66109.0,143684.52380952382,214787.5574712644
2014-05-22,316448.6666666667,66109.0,142873.51190476192,211072.75862068965
2014-05-23,321012.0,66109.0,142863.09523809524,213034.68390804596
2014-05-24,319185.3333333334,66109.0,142520.83333333334,212082.0977011494
2014-05-25,320972.0,66109.0,144101.19047619047,213615.14367816094
2014-05-26,318604.6666666666,66109.0,146114.5833333333,213566.72413793104
2014-05-27,315116.3333333333,65509.0,143992.55952380953,210986.9827586207
2014-05-28,312401.3333333333,65509.0,135285.7142857143,205613.4195402299
2014-05-29,311997.8333333333,65509.0,139000.0,207232.60057471265
2014-05-30,318847.8333333333,65509.0,142782.73809523808,212011.33620689655
2014-05-31,321879.0,67109.0,130281.25,207420.60344827586
2014-06-01,306142.1666666667,67109.0,143866.07142857142,207195.6752873563
2014-06-02,307803.8333333333,67109.0,144755.95238095237,208341.50862068965
2014-06-03,316727.1666666667,67109.0,144434.52380952382,212032.60057471265
2014-06-04,313608.8333333333,67109.0,140974.70238095237,209018.2327586207
2014-06-05,306248.8333333333,67109.0,138096.72619047618,204456.45114942527
2014-06-06,312124.6666666667,67109.0,137703.86904761905,206799.4827586207
2014-06-07,315494.6666666667,67109.0,137970.23809523808,208380.66091954024
2014-06-08,298729.6666666667,67109.0,132830.35714285713,198673.0459770115
2014-06-09,322334.6666666667,67109.0,134175.59523809524,209497.04022988508
2014-06-10,323408.0,67109.0,136358.63095238095,211013.5632183908
2014-06-11,300231.3333333333,67109.0,136290.17857142858,200990.5747126437
2014-06-12,318511.3333333333,67109.0,138272.32142857142,209826.7816091954
2014-06-13,314138.0,67109.0,138178.57142857142,207896.4655172414
2014-06-14,314643.0,67109.0,138677.08333333334,208354.79885057473
2014-06-15,314352.1666666667,67109.0,140029.76190476192,208882.4568965517
2014-06-16,323722.1666666667,67109.0,131148.80952380953,208633.89367816094
2014-06-17,311767.1666666667,67109.0,132816.9642857143,204286.1925287356
2014-06-18,311927.1666666667,67109.0,131467.2619047619,203703.5775862069
2014-06-19,307222.1666666667,67109.0,137742.55952380953,204705.0143678161
2014-06-20,321123.0,67109.0,136520.83333333334,210106.9540229885
2014-06-21,309228.0,67109.0,133580.35714285713,203560.25862068965
2014-06-22,307373.0,67109.0,135925.59523809524,203892.87356321837
2014-06-23,318116.3333333333,67109.0,135534.22619047618,208334.68390804596
2014-06-24,322881.3333333333,67109.0,136074.40476190476,210649.33908045976
2014-06-25,318646.3333333333,67109.0,138430.05952380953,209961.12068965516
2014-06-26,328803.0,67109.0,125013.39285714286,207861.9827586207
2014-06-27,331963.0,67109.0,128028.2738095238,210679.51149425286
2014-06-28,333328.0,67109.0,128398.80952380951,211446.7528735632
2014-06-29,329938.0,67109.0,131150.29761904763,211313.85057471265
2014-06-30,318658.0,67109.0,131302.08333333334,206525.0574712644
2014-07-01,325936.3333333333,67109.0,127575.89285714286,207863.4195402299
2014-07-02,341468.0,67109.0,127175.59523809524,214364.85632183906
2014-07-03,348309.6666666666,67109.0,129178.57142857143,218280.80459770115
2014-07-04,326748.0,67109.0,131464.2857142857,210090.43103448275
2014-07-05,337008.0,67109.0,124178.57142857143,210995.60344827586
2014-07-06,344888.0,67109.0,119427.08333333333,212098.33333333334
2014-07-07,325394.6666666666,67109.0,124714.28571428571,206248.47701149425
2014-07-08,308621.3333333333,67109.0,125785.71428571429,199535.83333333334
2014-07-09,321078.0,67109.0,126226.19047619049,205117.7298850575
2014-07-10,317146.3333333334,67109.0,131205.35714285713,205826.7816091954
2014-07-11,322638.0,67109.0,131372.02380952382,208274.33908045976
2014-07-12,311844.6666666666,67109.0,132526.7857142857,204179.51149425286
2014-07-13,310138.0,67109.0,128047.61904761905,201281.52298850575
2014-07-14,332251.3333333333,67109.0,130724.70238095238,212105.5172413793
2014-07-15,326239.6666666667,67109.0,130724.70238095238,209514.2816091954
2014-07-16,319586.3333333333,67109.0,128696.42857142857,205667.29885057473
2014-07-17,325348.0,67109.0,128605.65476190476,208106.9540229885
2014-07-18,326026.3333333333,67109.0,134706.84523809524,211344.74137931035
2014-07-19,320518.0,67109.0,134633.92857142858,208935.25862068965
2014-07-20,332861.3333333333,67109.0,134375.0,214130.66091954024
2014-07-21,315951.3333333333,67109.0,133352.67857142858,206348.33333333334
2014-07-22,308556.3333333333,67109.0,130635.41666666666,201849.05172413794
2014-07-23,294571.3333333333,67109.0,130632.44047619049,195819.5977011494
2014-07-24,303433.0,67109.0,130005.95238095238,199336.83908045976
2014-07-25,315173.0,67109.0,122650.29761904762,200846.17816091955
2014-07-26,319013.0,67109.0,121043.15476190476,201725.48850574714
2014-07-27,305216.3333333333,67109.0,121023.80952380951,195769.3103448276
2014-07-28,298519.6666666667,67109.0,122232.14285714286,193466.14942528735
2014-07-29,296781.3333333333,67109.0,116267.85714285714,189837.5574712644
2014-07-30,303246.3333333333,67109.0,116270.83333333334,192625.63218390805
2014-07-31,305754.0,67109.0,115897.32142857143,193526.2068965517
2014-08-01,305411.3333333333,67109.0,126848.21428571429,198665.14367816094
2014-08-02,304898.0,67109.0,118642.85714285714,194482.6724137931
2014-08-03,299895.1666666667,67109.0,109392.85714285714,187860.76149425286
2014-08-04,303856.8333333333,67109.0,110858.63095238095,190275.99137931035
2014-08-05,303078.6666666667,67109.0,106971.7261904762,188064.1379310345
2014-08-06,304463.6666666667,67109.0,121409.2261904762,195630.94827586206
2014-08-07,308930.3333333333,67109.0,123694.94047619049,198659.68390804596
2014-08-08,338006.0,67109.0,123194.94047619049,210950.9195402299
2014-08-09,336776.0,67109.0,122837.79761904762,210248.33333333334
2014-08-10,344344.6666666666,67109.0,121681.54761904762,212952.5
2014-08-11,329506.6666666667,67109.0,122778.2738095238,207086.2643678161
2014-08-12,301038.3333333333,67109.0,125973.21428571429,196357.81609195404
2014-08-13,316028.3333333333,67109.0,126991.07142857143,203310.4022988506
2014-08-14,306680.0,67109.0,130781.25,201110.6896551724
2014-08-15,303543.0,67109.0,128339.28571428571,198579.6551724138
2014-08-16,301236.3333333333,67109.0,122656.25,194841.86781609195
2014-08-17,317822.3333333333,67109.0,122477.67857142857,201904.79885057473
2014-08-18,309181.3333333333,67109.0,114532.73809523809,194344.74137931035
2014-08-19,303506.3333333333,67109.0,117400.29761904762,193282.95977011492
2014-08-20,301159.6666666667,67109.0,107949.40476190476,187708.9655172414
2014-08-21,313528.0,67109.0,105312.5,191767.1551724138
2014-08-22,317048.0,67109.0,104525.29761904762,192904.36781609195
2014-08-23,324011.3333333333,67109.0,112379.46428571429,199697.47126436784
2014-08-24,334816.1428571429,67109.0,111043.15476190476,203709.60180623975
2014-08-25,331091.14285714284,67109.0,112141.36904761905,202634.17077175697
2014-08-26,321727.0,67109.0,110976.19047619049,198035.4022988506
2014-08-27,323025.3333333333,67109.0,109203.86904761905,197739.4252873563
2014-08-28,322231.3333333333,67109.0,117711.30952380951,201504.22413793104
2014-08-29,323713.3333333333,67109.0,125239.58333333334,205777.35632183906
2014-08-30,326305.0,67109.0,126203.86904761905,207359.97126436784
2014-08-31,323655.0,67109.0,127340.7738095238,206766.5804597701
2014-09-01,316650.0,67109.0,120529.76190476191,200459.1091954023
2014-09-02,309704.6666666667,67109.0,121502.9761904762,197935.25862068965
2014-09-03,304598.0,67109.0,131142.85714285713,200387.8448275862
2014-09-04,323991.3333333333,67109.0,131566.9642857143,208951.7816091954
2014-09-05,328074.6666666667,67109.0,125956.03448275862,206612.48587570622
2014-09-06,328573.0,67109.0,124861.20689655172,206285.50847457626
2014-09-07,310027.3333333333,67109.0,120421.55172413793,196244.97175141243
2014-09-08,328299.5964912281,35709.0,124948.85057471263,203551.72167707406
2014-09-09,330409.5964912281,35709.0,125471.83908045977,204702.85162057687
2014-09-10,316210.0,40886.25,119954.59770114943,199094.4540229885
2014-09-11,320348.0,40886.25,121983.33333333333,201892.4425287356
2014-09-12,332253.0,35709.0,122112.64367816091,203832.82485875706
2014-09-13,336273.0,35709.0,121743.3908045977,205354.7175141243
2014-09-14,339538.0,35709.0,121892.81609195402,206811.6384180791
2014-09-15,349967.3333333334,35709.0,121792.24137931035,211181.41242937854
2014-09-16,333992.3333333333,35709.0,127404.31034482758,207170.81920903956
2014-09-17,338520.6666666666,35709.0,127530.74712643679,209151.75141242938
2014-09-18,337075.6666666666,35709.0,125532.18390804598,207557.11864406778
2014-09-19,343729.0,35709.0,125759.19540229885,210487.90960451975
2014-09-20,352380.6666666666,35709.0,124797.98850574714,213681.41242937854
2014-09-21,354433.0,35709.0,124158.62068965517,214236.77966101695
2014-09-22,341769.6666666666,35709.0,110878.44827586207,202343.41807909604
2014-09-23,339558.0,35709.0,114481.89655172414,203177.45762711865
2014-09-24,339868.0,35709.0,114569.54022988505,203351.89265536724
2014-09-25,340623.0,35709.0,114437.35632183909,203606.8361581921
2014-09-26,325239.6666666667,50100.666666666664,108341.09195402298,195311.6384180791
2014-09-27,321539.6666666667,67109.0,109218.96551724138,195616.7231638418
2014-09-28,309559.6666666667,67109.0,111052.2988505747,191441.58192090396
2014-09-29,337269.6666666666,67109.0,114740.5172413793,204995.9604519774
2014-09-30,329191.3333333334,67109.0,126428.73563218392,207317.99435028248
2014-10-01,331078.0,67109.0,123359.77011494254,206608.9548022599
2014-10-02,322893.0,67109.0,118795.11494252874,200897.09039548025
2014-10-03,317227.0,67109.0,118619.8275862069,198410.08474576272
2014-10-04,322523.6666666667,35709.0,116553.73563218392,196977.88135593222
2014-10-05,324341.3333333333,67109.0,110588.2183908046,197476.89265536724
2014-10-06,325328.0,67109.0,115287.93103448275,200205.0
2014-10-07,335638.0,67109.0,123040.80459770115,208384.37853107345
2014-10-08,329593.0,67109.0,124333.90804597702,206458.53107344633
2014-10-09,349064.6666666666,67109.0,126198.85057471263,215625.90395480228
2014-10-10,346233.0,67109.0,121033.62068965517,211887.2033898305
2014-10-11,335198.0,67109.0,120295.11494252874,206848.3615819209
2014-10-12,329898.0,67109.0,123700.28735632183,206276.32768361582
2014-10-13,327743.0,67109.0,126445.97701149425,206712.76836158193
2014-10-14,338361.3333333334,80136.25,118335.3448275862,210539.71264367818
2014-10-15,339630.5,67109.0,114611.20689655172,205932.75423728814
2014-10-16,329857.1666666666,67109.0,113438.79310344828,201215.24011299433
2014-10-17,322828.0,67109.0,110293.67816091953,196690.8757062147
2014-10-18,327324.6666666666,67109.0,114407.18390804598,200618.13559322033
2014-10-19,334909.5833333333,67109.0,117871.26436781608,205534.76694915254
2014-10-20,338544.5833333334,67109.0,112629.88505747126,204498.75
2014-10-21,336923.0,67109.0,110415.80459770115,202723.3615819209
2014-10-22,326173.0,67109.0,112604.02298850575,199243.8418079096
2014-10-23,333338.0,67109.0,114056.6091954023,202993.8418079096
2014-10-24,329688.0,67109.0,114058.0459770115,201447.93785310735
2014-10-25,322196.45454545453,67109.0,114056.6091954023,198272.84797123782
2014-10-26,325601.45454545453,67109.0,110572.41379310345,198003.07395993837
2014-10-27,338126.45454545453,67109.0,114848.27586206897,205411.9722650231
2014-10-28,319326.3333333333,67109.0,121241.9540229885,200588.4745762712
2014-10-29,302143.0,67109.0,115193.10344827586,190334.2372881356
2014-10-30,310822.6842105263,67109.0,118490.5172413793,195632.8322925959
2014-10-31,334391.01754385966,67109.0,123654.31034482758,208157.54980672017
2014-11-01,330996.5,67109.0,114848.27586206897,202390.80508474575
2014-11-02,339662.1666666666,67109.0,114851.14942528737,206064.11016949153
2014-11-03,337171.3333333334,67109.0,124249.13793103448,209628.02259887007
2014-11-04,332018.0,67109.0,122058.0459770115,206367.4293785311
2014-11-05,331993.0,67109.0,119885.63218390805,205289.0395480226
2014-11-06,329286.3333333333,67109.0,121629.88505747126,204999.49152542374
2014-11-07,330776.3333333333,67109.0,105665.80459770115,197784.09604519772
2014-11-08,319263.0,67109.0,95961.7816091954,188135.79096045197
2014-11-09,320769.8947368421,67109.0,111878.44827586207,196597.7520071365
2014-11-10,328384.8947368421,67109.0,116316.66666666667,202005.94409753196
2014-11-11,311251.56140350876,67109.0,113637.06896551725,193428.96669640203
2014-11-12,321854.8947368421,67109.0,114335.3448275862,198265.1248884924
2014-11-13,317464.0,67109.0,115254.88505747126,196856.55367231637
2014-11-14,324637.3333333333,67109.0,121928.73563218392,203176.46892655367
2014-11-15,336321.3333333334,67109.0,123411.49425287357,208856.1299435028
2014-11-16,337916.3333333334,67109.0,120583.90804597702,208142.14689265535
2014-11-17,339683.0,67109.0,119104.02298850575,208163.3333333333
2014-11-18,327676.3333333333,67109.0,124338.2183908046,205648.50282485873
2014-11-19,309777.6666666667,67109.0,127335.3448275862,199537.48587570622
2014-11-20,330514.3333333334,67109.0,132974.71264367815,211096.10169491524
2014-11-21,329666.0,67109.0,126040.80459770115,207328.44632768363
2014-11-22,324944.3333333333,67109.0,124351.14942528737,204497.23163841807
2014-11-23,337213.0,67109.0,126816.66666666667,210907.68361581923
2014-11-24,330394.6666666666,67109.0,125609.77011494254,207425.33898305084
2014-11-25,312424.6666666666,67109.0,127400.0,200690.8757062147
2014-11-26,309614.6666666667,67109.0,127489.0804597701,199543.98305084746
2014-11-27,322866.3333333333,67109.0,120907.18390804598,201923.9265536723
2014-11-28,334691.3333333333,67109.0,119612.64367816094,206298.22033898305
2014-11-29,339214.6666666666,67109.0,113708.90804597702,205313.05084745763
2014-11-30,337855.6666666666,67109.0,116951.72413793103,206331.1299435028
2014-12-01,343171.1538461539,66109.0,120875.57471264369,212639.77777777778
2014-12-02,342437.17948717944,66109.0,120848.27586206897,212308.52777777778
2014-12-03,346357.37179487175,66109.0,120775.0,213971.8611111111
2014-12-04,347586.53846153844,66109.0,123377.01149425287,215762.1388888889
2014-12-05,344509.6153846154,66109.0,128450.28735632185,216880.8888888889
2014-12-06,337200.0,66109.0,131829.5977011494,215346.72222222222
2014-12-07,340392.3076923077,66109.0,125966.09195402298,213896.02777777778
2014-12-08,364855.4487179487,66109.0,133915.80459770115,228339.08333333334
2014-12-09,360576.60256410256,66109.0,130592.5287356322,224878.66666666666
2014-12-10,356977.56410256407,66109.0,133440.22988505746,224695.47222222222
2014-12-11,362621.7948717949,66109.0,129950.28735632185,225454.5
2014-12-12,364424.358974359,66109.0,125444.54022988507,224057.83333333334
2014-12-13,344201.60256410256,66109.0,131842.5287356322,218387.0
2014-12-14,362581.41025641025,66109.0,137509.19540229885,229090.47222222222
2014-12-15,371167.9487179487,66109.0,137477.58620689655,232796.02777777778
2014-12-16,366419.55128205125,66109.0,137933.0459770115,230958.52777777778
2014-12-17,366393.91025641025,66109.0,136993.3908045977,230493.25
2014-12-18,370554.1666666667,66109.0,137559.4827586207,232569.6388888889
2014-12-19,372300.96153846156,66109.0,132335.3448275862,230801.58333333334
2014-12-20,360656.73076923075,66109.0,116374.13793103448,218041.16666666666
2014-12-21,343605.4487179487,66109.0,115537.93103448275,210248.1111111111
2014-12-22,338437.17948717944,66109.0,119089.6551724138,209725.19444444444
2014-12-23,351679.1666666667,66109.0,123813.79310344828,217746.72222222222
2014-12-24,329616.6666666667,66109.0,127645.68965517242,210038.3888888889
2014-12-25,345454.8076923077,66109.0,128930.1724137931,217522.41666666666
2014-12-26,350289.7435897436,66109.0,132055.1724137931,221127.97222222222
2014-12-27,351358.6538461539,66109.0,132055.1724137931,221591.16666666666
2014-12-28,337671.1538461539,66109.0,132241.9540229885,215750.19444444444
2014-12-29,349055.76923076925,66109.0,134151.4367816092,221606.44444444444
2014-12-30,322868.26923076925,66109.0,138124.1379310345,212178.66666666666
2014-12-31,339642.3076923077,66109.0,133124.1379310345,217030.75
2015-01-01,318373.07692307694,66109.0,135785.05747126436,209100.19444444444
2015-01-02,318224.03846153844,66109.0,128025.0,205284.91666666666
2015-01-03,340882.6923076923,66109.0,130624.13793103448,216359.91666666666
2015-01-04,341192.62820512825,66109.0,129537.93103448275,215969.22222222222
2015-01-05,335910.57692307694,66109.0,127313.79310344828,212605.33333333334
2015-01-06,335261.53846153844,66109.0,123779.31034482758,210615.75
2015-01-07,319548.5576923077,66109.0,129809.4827586207,206721.375
2015-01-08,317814.5833333334,66109.0,132629.88505747126,207333.18055555556
2015-01-09,322784.1346153846,66109.0,135882.75862068965,211058.875
2015-01-10,326907.554945055,66109.0,135879.88505747126,212844.3015873016
2015-01-11,319456.41025641025,45442.33333333333,133400.0,206694.6388888889
2015-01-12,332167.9487179487,66109.0,131193.10344827586,212858.52777777778
2015-01-13,341363.46153846156,66109.0,131193.10344827586,216843.25
2015-01-14,329055.76923076925,66109.0,130911.49425287357,211373.80555555556
2015-01-15,328406.73076923075,66109.0,128698.85057471263,210023.1111111111
2015-01-16,313626.28205128206,66109.0,126394.25287356322,202504.3611111111
2015-01-17,300249.6794871795,66109.0,133391.37931034484,200089.77777777778
2015-01-18,329567.8846153846,66109.0,128563.79310344828,210461.0
2015-01-19,322952.5,66109.0,127762.06896551725,207206.83333333334
2015-01-20,319748.9743589744,66109.0,130813.79310344828,207293.6388888889
2015-01-21,314300.2564102564,66109.0,131055.1724137931,205049.19444444444
2015-01-22,316247.3717948718,66109.0,127667.24137931035,204255.44444444444
2015-01-23,315471.73076923075,66109.0,128106.89655172414,204131.83333333334
2015-01-24,306674.35897435894,66109.0,128767.81609195402,200639.08333333334
2015-01-25,308664.74358974356,66109.0,131477.58620689655,202811.30555555556
2015-01-26,316635.89743589744,66109.0,129162.93103448275,205146.72222222222
2015-01-27,324260.89743589744,66109.0,133270.6896551724,210436.30555555556
2015-01-28,305728.2051282051,66109.0,133641.37931034484,202584.6388888889
2015-01-29,315580.76923076925,66109.0,134601.14942528735,207317.97222222222
2015-01-30,293492.6282051282,66109.0,132532.183908046,196746.44444444444
2015-01-31,320391.6666666666,66109.0,126323.85057471263,205402.0
2015-02-01,317701.92307692306,66109.0,126323.85057471263,204236.44444444444
2015-02-02,329854.1666666667,66109.0,127331.03448275862,209989.22222222222
2015-02-03,312047.75641025644,66109.0,128994.8275862069,203077.27777777778
2015-02-04,321161.53846153844,66109.0,128787.93103448275,206926.58333333334
2015-02-05,311371.4743589744,66109.0,129504.88505747126,203030.75
2015-02-06,330281.73076923075,66109.0,129332.4712643678,211141.8611111111
2015-02-07,316055.76923076925,66109.0,130910.05747126436,205739.77777777778
2015-02-08,320658.3333333334,66109.0,133608.3333333333,209038.3888888889
2015-02-09,307959.6153846154,66109.0,128608.33333333333,201118.94444444444
2015-02-10,310538.14102564106,66109.0,127539.36781609195,201719.6388888889
2015-02-11,313403.5256410256,66109.0,127263.50574712643,202827.97222222222
2015-02-12,309111.85897435894,66109.0,127381.32183908047,201025.19444444444
2015-02-13,302831.41025641025,66109.0,123148.56321839079,196257.83333333334
2015-02-14,325198.39743589744,66109.0,123458.90804597702,206100.19444444444
2015-02-15,336738.46153846156,66109.0,123734.77011494254,211234.22222222222
2015-02-16,323881.08974358975,66109.0,122703.16091954023,205164.08333333334
2015-02-17,320743.26923076925,66109.0,122703.16091954023,203804.3611111111
2015-02-18,329437.5,66109.0,122530.74712643678,207488.52777777778
2015-02-19,324410.2564102564,66109.0,124882.75862068965,206446.8611111111
2015-02-20,324673.07692307694,66109.0,122583.90804597702,205449.6388888889
2015-02-21,321243.58974358975,66109.0,127513.50574712644,206346.16666666666
2015-02-22,311970.8333333334,66109.0,132365.5172413793,204673.1111111111
2015-02-23,319160.07326007326,66109.0,132365.5172413793,207788.4484126984
2015-02-24,321658.4706959707,66109.0,127365.5172413793,206454.42063492065
2015-02-25,313770.6501831502,66109.0,128400.0,203536.3650793651
2015-02-26,307837.5,66109.0,130468.96551724138,201965.33333333334
2015-02-27,323621.1538461539,66109.0,138389.94252873564,212633.3888888889
2015-02-28,333512.5,66109.0,137986.2068965517,216724.5
2015-03-01,322570.9249084249,66109.0,135468.9655172414,210766.48412698414
2015-03-02,323309.70695970696,66109.0,132986.2068965517,209886.62301587302
2015-03-03,326122.20695970696,66109.0,127572.41379310345,208488.70634920633
2015-03-04,325205.4487179487,66109.0,127848.27586206897,208224.77777777778
2015-03-05,313237.5,66109.0,127718.96551724138,202976.16666666666
2015-03-06,306352.5641025641,66109.0,132437.3563218391,202273.25
2015-03-07,316586.85897435894,66109.0,132572.41379310345,206773.3888888889
2015-03-08,326883.3333333333,66109.0,130227.58620689655,210101.8611111111
2015-03-09,326767.9487179487,66109.0,132734.77011494254,211263.66666666666
2015-03-10,313429.8076923077,66109.0,132986.2068965517,205605.33333333334
2015-03-11,314409.2948717949,66109.0,132710.3448275862,205896.44444444444
2015-03-12,316264.10256410256,78886.25,132710.3448275862,209949.35028248586
2015-03-13,323251.92307692306,66109.0,137710.3448275862,212144.91666666666
2015-03-14,311329.8076923077,66109.0,137710.3448275862,206978.66666666666
2015-03-15,308714.42307692306,66109.0,133124.1379310345,203628.66666666666
2015-03-16,320030.1282051282,66109.0,135675.8620689655,209765.47222222222
2015-03-17,315300.96153846156,66109.0,137055.1724137931,208382.83333333334
2015-03-18,328443.58974358975,66109.0,130361.66666666667,209523.41530054645
2015-03-19,325091.0256410256,66109.0,132055.1724137931,210208.52777777778
2015-03-20,317435.57692307694,66109.0,132055.1724137931,206891.16666666666
2015-03-21,315046.1538461539,66109.0,129882.75862068965,204805.75
2015-03-22,325653.5256410256,66109.0,127762.06896551725,208377.27777777778
2015-03-23,327486.858974359,66109.0,127124.16666666667,207523.41530054645
2015-03-24,336038.141025641,66109.0,132055.1724137931,214952.27777777778
2015-03-25,307860.89743589744,66109.0,122468.96551724138,198108.80555555556
2015-03-26,313891.3461538461,66109.0,122744.8275862069,200855.33333333334
2015-03-27,333876.28205128206,78886.25,116652.8735632184,209817.99435028248
2015-03-28,321961.21794871794,78886.25,120002.01149425287,206213.4745762712
2015-03-29,325899.03846153844,78886.25,116105.45977011495,206033.53107344633
2015-03-30,324698.71794871794,66231.5,121414.36781609195,204905.68055555556
2015-03-31,331488.78205128206,66109.0,121832.4712643678,208039.91666666666
2015-04-01,331197.1153846154,78886.25,120729.02298850575,210640.8757062147
2015-04-02,325525.0,78886.25,123004.88505747126,209259.94350282484
2015-04-03,330462.5,66109.0,123004.88505747126,208161.8611111111
2015-04-04,318053.8461538461,66109.0,123004.88505747126,202784.77777777778
2015-04-05,328798.5576923077,66109.0,107901.43678160918,200140.81944444444
2015-04-06,305651.1217948718,66109.0,107901.43678160918,190110.2638888889
2015-04-07,311580.60897435894,66109.0,115091.09195402298,196154.70833333334
2015-04-08,312197.5961538461,66109.0,116388.50574712643,197049.15277777778
2015-04-09,314405.9294871795,66109.0,124073.85057471263,201720.68055555556
2015-04-10,329992.46794871794,66109.0,124073.85057471263,208474.84722222222
2015-04-11,330327.4038461539,66109.0,125387.06896551725,209254.70833333334
2015-04-12,329519.71153846156,66109.0,130246.26436781608,211253.31944444444
2015-04-13,323505.28846153844,66109.0,132487.6436781609,209730.40277777778
2015-04-14,302812.98076923075,66109.0,134625.57471264366,201797.06944444444
2015-04-15,315737.01923076925,66109.0,129418.67816091953,204880.81944444444
2015-04-16,329903.68589743593,66509.0,129418.67816091953,211053.04166666666
2015-04-17,340145.67307692306,66509.0,123012.06896551725,212394.70833333334
2015-04-18,343487.01923076925,66509.0,121770.68965517242,213242.625
2015-04-19,346746.6346153846,66509.0,121900.0,214717.625
2015-04-20,340110.4166666667,66509.0,121727.58620689655,211758.59722222222
2015-04-21,338519.07051282056,66509.0,122811.66666666667,210137.55464480876
2015-04-22,337339.5833333333,66509.0,123954.59770114943,211634.29166666666
2015-04-23,337982.0512820513,66509.0,123796.55172413793,211836.30555555556
2015-04-24,342441.9871794871,66509.0,124826.72413793103,214266.8611111111
2015-04-25,351243.26923076925,66509.0,122796.55172413793,217099.5
2015-04-26,343595.5128205129,66509.0,123743.3908045977,214243.1111111111
2015-04-27,354236.53846153844,66509.0,129376.94444444445,220065.62841530057
2015-04-28,346938.46153846156,66509.0,129338.05555555555,216935.8469945355
2015-04-29,346430.4487179487,66509.0,123362.64367816091,215287.55555555556
2015-04-30,344835.89743589744,65592.33333333333,125884.19540229885,215738.94444444444
2015-05-01,336367.9487179487,66509.0,131106.89655172414,214670.19444444444
2015-05-02,340256.08974358975,66509.0,136721.8390804598,219068.94444444444
2015-05-03,337892.3076923077,66509.0,131683.0459770115,215609.22222222222
2015-05-04,344323.39743589744,66509.0,136194.54022988505,220576.58333333334
2015-05-05,334339.42307692306,66509.0,133226.14942528735,214815.47222222222
2015-05-06,331195.1923076923,66509.0,127922.98850574713,210889.77777777778
2015-05-07,327563.78205128206,66509.0,131369.8275862069,210982.1388888889
2015-05-08,332720.8333333333,66509.0,134507.75862068965,214733.52777777778
2015-05-09,333781.73076923075,66509.0,126871.26436781608,211502.27777777778
2015-05-10,329307.37179487175,66509.0,125707.4712643678,209000.8888888889
2015-05-11,322185.57692307694,66509.0,127364.08045977012,206715.47222222222
2015-05-12,312137.5,63925.66666666667,132512.06896551725,204634.22222222222
2015-05-13,292179.1666666666,63942.33333333333,130217.5287356322,194877.97222222222
2015-05-14,297006.08974358975,66509.0,122191.66666666667,193304.3611111111
2015-05-15,305892.3076923077,66509.0,128453.16091954023,200181.44444444444
2015-05-16,326855.4487179487,66509.0,129029.31034482758,209543.94444444444
2015-05-17,319914.7435897436,66509.0,111124.13793103448,197882.1388888889
2015-05-18,318861.858974359,66509.0,107000.57471264368,195432.83333333334
2015-05-19,299541.3461538461,66509.0,132747.7011494253,199505.05555555556
2015-05-20,314443.58974358975,66509.0,120888.50574712643,200230.75
2015-05-21,314331.41025641025,66509.0,127512.06896551725,203383.52777777778
2015-05-22,328305.76923076925,66509.0,123753.44827586207,207622.41666666666
2015-05-23,333544.5512820513,66509.0,121144.25287356322,208631.44444444444
2015-05-24,338900.32051282056,66509.0,122434.4827586207,211575.8888888889
2015-05-25,316515.7051282051,66509.0,119489.08045977012,200452.27777777778
2015-05-26,319538.14102564106,66509.0,114241.9540229885,199225.8888888889
2015-05-27,328301.60256410256,66509.0,113323.85057471263,202579.6388888889
2015-05-28,325333.6538461539,66509.0,118414.36781609195,203753.94444444444
2015-05-29,328601.28205128206,65692.33333333333,116517.81609195402,204185.19444444444
2015-05-30,340338.46153846156,64025.66666666667,118803.73563218392,210237.27777777778
2015-05-31,345894.5512820513,78886.25,116698.85057471263,215136.77966101695
2015-06-01,333278.0864197531,78886.25,122592.5287356322,214487.27777777778
2015-06-02,326043.51851851854,78886.25,123526.43678160918,211683.1111111111
2015-06-03,330870.6790123457,78886.25,123003.44827586207,213602.55555555556
2015-06-04,329530.8641975309,78886.25,123693.10344827586,213332.97222222222
2015-06-05,328928.39506172837,78886.25,121414.36781609195,211960.47222222222
2015-06-06,333712.34567901236,78886.25,117638.50574712643,212288.25
2015-06-07,335628.0864197531,78886.25,121155.74712643678,214850.33333333334
2015-06-08,336652.77777777775,66509.0,123397.1264367816,213126.01092896174
2015-06-09,311238.0952380952,66509.0,123500.57471264368,203689.1666666667
2015-06-10,324811.7283950617,66509.0,120295.11494252874,206410.16393442624
2015-06-11,320134.01234567905,66509.0,122707.4712643678,205486.55737704918
2015-06-12,310835.8024691358,66509.0,108645.68965517242,194685.8469945355
2015-06-13,317317.28395061725,66509.0,104017.81609195402,195354.56284153007
2015-06-14,301860.4938271605,66509.0,102604.02298850575,187840.90163934426
2015-06-15,296733.950617284,66509.0,113247.7011494253,190631.88524590165
2015-06-16,316176.85185185185,66509.0,118319.54022988505,201648.96174863388
2015-06-17,336554.93827160494,66509.0,112027.8735632184,207677.65027322405
2015-06-18,317695.8024691358,66509.0,112621.26436781608,199612.26775956285
2015-06-19,325892.28395061725,66509.0,116379.88505747126,205027.1038251366
2015-06-20,312648.7037037037,66509.0,113171.55172413793,197639.9180327869
2015-06-21,325490.30864197534,66509.0,113236.20689655172,203354.64480874318
2015-06-22,330556.6666666667,66509.0,117172.98850574713,207468.7158469945
2015-06-23,334612.22222222225,66509.0,117104.02298850575,209231.01092896174
2015-06-24,341905.6172839506,66509.0,108678.73563218392,208453.77049180327
2015-06-25,340093.8888888889,66509.0,109356.89655172414,207974.26229508198
2015-06-26,338080.55555555556,66509.0,109718.96551724138,207255.24590163934
2015-06-27,350437.962962963,66509.0,111644.25287356322,213640.218579235
2015-06-28,332103.0864197531,66509.0,108730.45977011495,204139.53551912567
2015-06-29,335937.962962963,66509.0,111494.8275862069,207151.1475409836
2015-06-30,341735.8024691358,66509.0,110006.32183908045,209009.75409836066
2015-07-01,336025.9259259259,66509.0,109306.6091954023,206149.781420765
2015-07-02,326852.037037037,66509.0,113691.66666666667,204173.90710382516
2015-07-03,334861.2962962963,66509.0,116718.96551724138,209158.19672131148
2015-07-04,336966.9135802469,66509.0,113443.10344827586,208532.81420765026
2015-07-05,310258.5802469136,66509.0,111546.55172413793,195809.45355191256
2015-07-06,309554.8765432099,66509.0,110197.41379310345,194856.58469945355
2015-07-07,325591.9135802469,66509.0,116229.02298850575,204822.43169398909
2015-07-08,322066.5432098765,66509.0,117953.16091954023,204081.69398907103
2015-07-09,325945.3703703704,66509.0,113887.06896551725,203865.49180327868
2015-07-10,312053.39506172837,66509.0,114592.5287356322,198051.96721311475
2015-07-11,333033.2716049383,66509.0,105838.2183908046,203176.25683060108
2015-07-12,330874.1975308642,66509.0,113127.01149425287,205685.7650273224
2015-07-13,326692.0987654321,66509.0,116461.7816091954,205420.05464480876
2015-07-14,306184.3827160494,66509.0,121009.19540229885,198504.75409836066
2015-07-15,305370.43209876545,66509.0,120780.74712643678,198035.8743169399
2015-07-16,286061.2962962963,66509.0,124109.77011494254,191071.85792349727
2015-07-17,313038.8888888889,66509.0,128286.49425287357,204998.41530054645
2015-07-18,294670.6790123457,66509.0,132616.9540229885,198926.96721311475
2015-07-19,296687.16049382713,66509.0,117841.09195402298,192794.9180327869
2015-07-20,299499.012345679,66509.0,116589.6551724138,193444.56284153007
2015-07-21,316105.3703703704,66509.0,128348.27586206897,206385.0819672131
2015-07-22,313005.8641975309,66509.0,128065.22988505746,204878.60655737706
2015-07-23,323033.024691358,66509.0,128943.10344827586,209734.20765027322
2015-07-24,329568.8271604939,66509.0,128348.27586206897,212344.31693989073
2015-07-25,323975.4938271605,66509.0,125276.43678160918,208408.19672131148
2015-07-26,328256.23456790124,66509.0,123503.44827586207,209460.05464480876
2015-07-27,334246.1728395061,66509.0,126141.37931034483,213365.43715846993
2015-07-28,333262.5925925926,66509.0,127921.55172413793,213776.39344262294
2015-07-29,300070.0574712643,58257.5,130904.31034482758,200746.90104166666
2015-07-30,312373.4482758621,58257.5,129424.42528735632,205651.30208333334
2015-07-31,312122.0114942529,58257.5,136922.9885057471,208935.15625
2015-08-01,307063.6206896552,58257.5,137458.908045977,206885.91145833334
2015-08-02,305088.2183908046,58257.5,134632.75862068965,204710.20833333334
2015-08-03,311137.0689655172,58257.5,132345.40229885056,206414.63541666666
2015-08-04,296993.3908045977,58257.5,132552.2988505747,200099.53125
2015-08-05,291456.05555555556,58257.5,129615.5172413793,197724.2564102564
2015-08-06,308397.0689655172,58257.5,132276.4367816092,205141.82291666666
2015-08-07,310190.8620689655,58257.5,132379.88505747126,206001.51041666666
2015-08-08,310246.724137931,58257.5,127648.56321839082,203882.94270833334
2015-08-09,308360.5172413793,58257.5,129309.4827586207,203780.859375
2015-08-10,326590.6547619048,58257.5,127227.58620689655,209264.81481481483
2015-08-11,313452.9761904762,57424.166666666664,116537.93103448275,198425.84656084658
2015-08-12,312601.1904761905,57424.166666666664,119744.8275862069,199523.46560846563
2015-08-13,303027.6785714286,57424.166666666664,123588.2183908046,197037.75132275134
2015-08-14,300304.962406015,57424.166666666664,126744.8275862069,197280.69757727653
2015-08-15,285765.6766917293,57424.166666666664,127881.32183908047,191341.9409635199
2015-08-16,286427.224310777,57590.833333333336,124379.88505747126,190040.0626566416
2015-08-17,282375.13611615245,57590.833333333336,123291.84343434343,188202.75769844188
2015-08-18,297708.4694494858,57590.833333333336,123272.77777777778,195034.98380566802
2015-08-19,294200.8620689655,57590.833333333336,130042.22222222222,196594.41025641025
2015-08-20,286809.4827586207,57590.833333333336,126441.66666666667,192653.56770833334
2015-08-21,292758.275862069,57590.833333333336,130993.3908045977,197411.61458333334
2015-08-22,300743.3333333333,57590.833333333336,128835.3448275862,200051.97916666666
2015-08-23,295973.2183908046,57590.833333333336,131752.0114942529,199212.13541666666
2015-08-24,302629.8275862069,57590.833333333336,130813.61111111111,200711.05128205128
2015-08-25,295689.59770114947,57590.833333333336,133615.83333333334,198907.97435897437
2015-08-26,297525.8045977012,57590.833333333336,131654.72222222222,198822.07692307694
2015-08-27,301505.6321839081,57590.833333333336,131932.5,200725.89743589744
2015-08-28,295932.1111111111,57590.833333333336,132526.94444444444,199989.64646464644
2015-08-29,298474.55555555556,57590.833333333336,128018.61111111111,199096.0606060606
2015-08-30,303310.459770115,57590.833333333336,128018.61111111111,199724.71794871794
2015-08-31,294573.1666666667,57590.833333333336,132693.61111111112,199447.70202020204
2015-09-01,268785.94444444444,57590.833333333336,128090.83333333333,185634.06565656565
2015-09-02,268023.44444444444,57590.833333333336,129889.94252873564,186970.10256410256
2015-09-03,266039.72222222225,66709.0,128752.01149425287,188258.515625
2015-09-04,269227.7777777778,66709.0,125326.72413793103,188200.83333333334
2015-09-05,281587.5,66709.0,126464.6551724138,194510.078125
2015-09-06,290359.77011494257,66709.0,124260.63218390805,196151.37566137564
2015-09-07,292251.94444444444,66709.0,128415.80459770115,200393.15104166666
2015-09-08,288004.7222222222,66709.0,128120.0,197189.02564102563
2015-09-09,275326.94444444444,66709.0,130753.33333333333,192553.12820512822
2015-09-10,289149.2222222222,66709.0,131443.61111111112,199251.23076923078
2015-09-11,288035.2777777778,58757.5,125518.61111111111,193320.6313131313
2015-09-12,295069.3888888889,58757.5,118157.5,193171.99494949495
2015-09-13,310859.6551724138,58757.5,113524.16666666667,196510.76923076922
2015-09-14,301456.2777777778,58257.5,122324.16666666667,197923.61111111112
2015-09-15,265507.6666666667,58257.5,115764.44444444445,178601.64141414143
2015-09-16,271379.72222222225,58257.5,108707.5,178063.05555555553
2015-09-17,266110.72222222225,58257.5,117625.55555555555,179721.71717171717
2015-09-18,269023.6666666667,58257.5,112792.22222222222,178848.81313131313
2015-09-19,270816.8650793651,58257.5,112790.83333333333,179663.27200577199
2015-09-20,278199.25396825396,58257.5,107857.5,180776.4790764791
2015-09-21,273202.0317460318,58257.5,109304.72222222222,179162.8427128427
2015-09-22,266168.6984126984,58257.5,108233.88888888889,175479.1305916306
2015-09-23,277048.72222222225,58257.5,116345.0,184111.46464646465
2015-09-24,227090.51282051284,58257.5,121603.33333333333,163793.33916083915
2015-09-25,261412.73504273503,58257.5,121871.38888888889,179516.1926961927
2015-09-26,267169.6794871795,58257.5,112399.16666666667,177827.43006993007
2015-09-27,268708.5683760684,58257.5,116289.44444444445,180295.2331002331
2015-09-28,277680.89743589744,58257.5,120906.11111111111,186472.04933954932
2015-09-29,216619.72222222222,58257.5,120320.0,158450.55555555553
2015-09-30,220407.0,58257.5,119624.16666666667,159855.75757575757
2015-10-01,206904.7701149425,6355.238095238096,116195.0,144402.65151515152
2015-10-02,192305.28735632182,6396.9047619047615,118453.33333333333,139018.6616161616
2015-10-03,193966.66666666666,6396.9047619047615,122135.27777777778,141422.27272727274
2015-10-04,199537.24137931035,9182.619047619048,126004.72222222222,145924.24242424243
2015-10-05,209387.81609195404,53051.66666666667,129460.27777777778,156476.0101010101
2015-10-06,205196.72413793104,52938.57142857143,122463.05555555555,151441.91919191918
2015-10-07,202173.16091954024,52896.904761904756,123051.94444444445,150376.64141414143
2015-10-08,190787.18390804596,8861.190476190475,125638.05555555555,141878.76262626264
2015-10-09,220757.29885057473,8873.095238095239,120779.72222222222,152840.37878787878
2015-10-10,206765.65151515152,30925.0,119247.77777777778,149207.13251922207
2015-10-11,232596.94444444444,30925.0,117275.55555555555,159890.2985074627
2015-10-12,220488.6111111111,30925.0,126256.11111111111,158489.80099502485
2015-10-13,226902.5,30925.0,129175.55555555555,162668.9054726368
2015-10-14,229294.16666666666,30913.095238095237,128339.44444444445,163364.1791044776
2015-10-15,227202.8888888889,30978.571428571428,127186.66666666667,161918.45771144278
2015-10-16,271589.72222222225,30978.571428571428,119896.38888888889,178528.85572139305
2015-10-17,271246.05555555556,8776.190476190475,125022.77777777778,178350.72139303482
2015-10-18,263144.3333333333,8805.952380952382,108254.72222222222,167218.10945273633
2015-10-19,275191.55555555556,8895.238095238095,122722.77777777778,179099.9502487562
2015-10-20,255538.77777777778,9067.857142857143,114726.94444444445,166738.00995024876
2015-10-21,254295.64516129033,9133.333333333332,118282.5,169052.54901960786
2015-10-22,257086.12903225806,9151.190476190475,118458.88888888889,170404.33823529413
2015-10-23,235879.40860215054,9121.42857142857,119796.3888888889,161323.57843137256
2015-10-24,257053.8888888889,9008.333333333332,121851.94444444445,170600.4975124378
2015-10-25,245143.94444444444,8901.190476190475,125867.22222222222,167054.37810945275
2015-10-26,247917.55555555556,8817.857142857143,129049.16666666667,169712.3383084577
2015-10-27,250592.55555555556,8841.666666666668,128846.38888888889,170821.79104477612
2015-10-28,243015.3888888889,8954.761904761905,120817.22222222222,163845.69651741293
2015-10-29,230258.06451612903,8788.095238095239,126213.05555555555,161557.47549019608
2015-10-30,228882.63440860217,8805.952380952382,124436.66666666667,160148.57843137256
2015-10-31,226039.51612903227,8752.380952380952,114745.16129032258,153994.08212560386
2015-11-01,226562.5,9032.142857142857,116844.62365591398,154151.22549019608
2015-11-02,223477.77777777778,9050.0,116278.76344086022,152534.1911764706
2015-11-03,245363.8888888889,9097.619047619048,118558.33333333334,163233.94607843139
2015-11-04,252555.55555555556,9085.714285714286,113001.88172043012,163872.42647058822
2015-11-05,255384.54022988508,9091.666666666666,114700.80645161291,164559.9751243781
2015-11-06,242895.0,9121.42857142857,117503.2258064516,161666.17647058822
2015-11-07,252568.16666666666,9127.380952380952,121587.90322580645,167796.49509803922
2015-11-08,249317.22222222222,9097.619047619048,122181.98924731182,166630.02450980392
2015-11-09,268607.5,9050.0,120936.02150537634,174567.52450980392
2015-11-10,265301.94444444444,9073.809523809523,116116.12903225806,170914.33823529413
2015-11-11,258652.52688172043,9115.476190476189,117286.82795698925,169825.04830917876
2015-11-12,258212.47311827957,8282.142857142857,118660.48387096774,170159.95169082124
2015-11-13,262844.1935483871,8002.380952380953,122370.16129032258,173879.15458937196
2015-11-14,265333.3333333333,7990.47619047619,114821.7741935484,171604.95169082124
2015-11-15,243898.1182795699,7655.555555555555,101458.87096774194,158117.64705882352
2015-11-16,262818.81720430107,7655.555555555555,104574.4623655914,168163.60294117648
2015-11-17,271489.51612903224,7655.555555555555,120472.31182795699,179363.9705882353
2015-11-18,276045.96774193546,7655.555555555555,120293.54838709677,181359.68137254904
2015-11-19,283917.5,7990.47619047619,120925.26881720431,181207.9656862745
2015-11-20,284370.2150537634,7655.555555555555,120456.18279569891,185228.70098039214
2015-11-21,274884.67741935485,7575.277777777777,120380.91397849463,180863.01470588235
2015-11-22,261320.6989247312,7617.847222222222,118350.0,173757.33455882352
2015-11-23,277826.07526881725,8815.297619047618,119152.41935483871,179246.96256038646
2015-11-24,267565.32258064515,7958.1547619047615,119039.51612903226,174499.3780193237
2015-11-25,261860.16129032258,8273.630952380952,121184.67741935483,172931.96256038646
2015-11-26,262487.36559139786,8612.916666666668,120874.19354838709,173108.67753623187
2015-11-27,272727.4193548387,8952.20238095238,118116.12903225806,176504.57125603865
2015-11-28,271183.06451612903,9106.964285714286,114970.96774193548,174413.38768115942
2015-11-29,267585.75268817204,8999.82142857143,113497.8494623656,172124.49879227052
2015-11-30,264631.0483870968,30999.821428571428,121519.35483870968,176632.77173913043
2015-12-01,265977.82258064515,30981.964285714286,119809.67741935483,176467.91666666666
2015-12-02,264994.7580645161,31196.25,119258.60215053763,175800.40458937196
2015-12-03,269886.12903225806,31374.821428571428,126448.11827956988,181246.16545893718
2015-12-04,277119.8387096774,31362.916666666664,128218.27956989247,185290.17512077297
2015-12-05,277578.3333333334,31321.25,126067.74193548386,184525.7548309179
2015-12-06,271012.9032258064,31362.916666666664,133168.5483870968,184770.51328502415
2015-12-07,281447.0430107527,31386.726190476187,133004.5698924731,189387.05917874398
2015-12-08,281003.4946236559,31386.726190476187,133907.79569892472,189593.5809178744
2015-12-09,279589.3817204301,53386.72619047619,132262.63440860214,190451.00845410628
2015-12-10,278385.0806451613,52633.154761904756,126972.31182795699,187456.6847826087
2015-12-11,280788.62903225806,52589.82142857143,126784.13978494624,188447.60265700484
2015-12-12,279682.123655914,53124.107142857145,130988.44086021505,189893.5688405797
2015-12-13,279623.68279569893,53147.619047619046,125867.47311827957,187568.97342995167
2015-12-14,289412.9722222222,53092.08333333333,131898.38709677418,193277.70220588235
2015-12-15,281343.25,53300.7738095238,130942.74193548386,189303.35171568627
2015-12-16,293053.6388888889,53291.07142857143,136350.0,196933.77450980392
2015-12-17,283973.0833333333,53290.686274509804,135542.20430107525,192559.34760668973
2015-12-18,280193.5483870968,53142.857142857145,99056.98924731182,175779.2270531401
2015-12-19,270915.3645833333,53125.0,94520.69892473117,171018.69047619047
2015-12-20,271604.4791666667,53250.0,92418.54838709677,170415.26190476192
2015-12-21,271409.3669871795,53340.47619047619,101600.0,174401.1868131868
2015-12-22,268139.8357371795,53352.97619047619,99034.13978494624,171771.48443223443
2015-12-23,266264.2107371795,53352.97619047619,99976.3440860215,171331.31776556777
2015-12-24,262980.5388621795,53201.78571428572,111102.68817204301,174742.4725274725
2015-12-25,257294.140625,51718.45238095238,134251.8817204301,182246.42857142858
2015-12-26,270896.9086021505,51224.404761904756,136268.01075268816,188125.84541062804
2015-12-27,274427.39247311826,51224.404761904756,133300.2688172043,188378.67149758455
2015-12-28,271526.58602150535,50867.2619047619,132493.81720430107,186676.85990338164
2015-12-29,277591.8548387097,50867.2619047619,132543.5483870968,189424.17874396135
2015-12-30,286095.4569892473,50867.2619047619,131644.35483870967,192840.65217391305
2015-12-31,286349.7469955724,50867.2619047619,132376.8817204301,193284.00468883204
2016-01-01,280535.5534471853,59305.555555555555,137200.8064516129,195671.47779700116
2016-01-02,273142.6502213789,50847.619047619046,132018.0107526882,187187.1568627451
2016-01-03,277491.6824794434,50847.619047619046,129114.78494623657,187836.7220801364
2016-01-04,280902.2738772929,50847.619047619046,127098.6559139785,188463.21966467745
2016-01-05,275552.596457938,52047.619047619046,125550.26881720431,185485.82836032964
2016-01-06,275434.6932321316,52047.619047619046,126195.43010752689,185722.71241830065
2016-01-07,279290.6630824373,52047.619047619046,134610.75268817204,191235.90177133656
2016-01-08,274644.91319444444,52047.619047619046,136206.18279569893,191076.60317460317
2016-01-09,265059.3097643098,52047.619047619046,127625.53763440861,184051.86228482003
2016-01-10,270904.8484848485,52039.0450310559,118454.83870967742,182763.8495101041
2016-01-11,268923.28282828286,52046.42857142857,119309.67741935483,182216.8075117371
2016-01-12,261697.42424242425,52040.41666666667,123733.06451612903,180789.05516431923
2016-01-13,260267.22222222225,52104.46428571428,126409.13978494624,181299.05516431923
2016-01-14,257932.14646464647,53188.392857142855,128452.1505376344,181212.62323943662
2016-01-15,256608.5606060606,53325.119047619046,127726.3440860215,180294.01408450704
2016-01-16,266437.74087024084,53063.21428571428,136177.95698924732,188526.82556879742
2016-01-17,256539.13084464552,52866.78571428572,136296.23655913977,184966.4066951567
2016-01-18,258450.89555052787,53307.2619047619,135637.63440860217,185628.44373219373
2016-01-19,249116.2613122172,53289.404761904756,134164.51612903227,180584.42663817664
2016-01-20,247728.35784313723,53343.452380952374,134072.5806451613,179894.69907407407
2016-01-21,249437.67156862747,52935.119047619046,134072.5806451613,180662.17592592593
2016-01-22,250559.11764705883,53171.42857142857,132766.12903225806,180652.22222222222
2016-01-23,254518.5294117647,53165.47619047619,132137.09677419355,182250.53240740742
2016-01-24,246537.9523809524,53326.19047619047,129485.21505376343,178303.4703196347
2016-01-25,249443.57142857142,53246.130952380954,126459.67741935483,178404.0810502283
2016-01-26,244920.9523809524,53305.952380952374,126459.67741935483,176241.43835616438
2016-01-27,240611.80555555556,53286.30952380953,126197.58064516129,174961.54279279278
2016-01-28,242797.72727272726,53257.7380952381,135879.03225806452,180078.0047092547
2016-01-29,246583.60690235687,53233.630952380954,134672.0430107527,181411.87295249794
2016-01-30,253148.47222222222,53275.297619047626,133274.1935483871,184023.94707207207
2016-01-31,253118.6574074074,51445.833333333336,131638.44086021505,183151.13738738737
2016-02-01,248183.19444444444,47279.166666666664,135174.73118279572,180043.26666666666
2016-02-02,242616.3425925926,48115.625,133275.53763440863,176675.4
2016-02-03,241346.6203703704,47761.458333333336,133787.63440860217,176239.82222222222
2016-02-04,244798.14814814818,47844.791666666664,133432.79569892475,177758.77777777778
2016-02-05,242072.36111111112,42192.2558922559,119720.48611111111,167862.2189426735
2016-02-06,243582.48456790124,43615.740740740745,128626.34408602152,173012.2076023392
2016-02-07,238114.35185185182,43737.96296296296,130239.24731182797,171094.40789473685
2016-02-08,249021.75925925927,44127.44107744108,130239.24731182797,176307.196969697
2016-02-09,242308.47222222222,41465.40404040404,137271.5053763441,175680.39872408294
2016-02-10,241424.44444444444,41877.44107744108,129033.60215053763,171950.245215311
2016-02-11,242072.36111111112,42192.2558922559,119720.48611111111,167862.2189426735
2016-02-12,236042.2685185185,43860.18518518519,117907.55208333333,164484.4805194805
2016-02-13,228223.98148148146,43858.333333333336,119873.69791666667,161646.0606060606
2016-02-14,241710.76388888888,43833.7962962963,115951.82291666667,166318.83116883118
2016-02-15,241446.875,43805.7734204793,118075.52083333333,167074.75490196078
2016-02-16,236318.40277777778,43806.944444444445,117934.89583333333,164618.72294372294
2016-02-17,223540.27777777778,43868.51851851852,118880.20833333333,159044.58874458875
2016-02-18,223761.45833333334,43440.27777777778,118707.03125,159025.97402597402
2016-02-19,215981.36574074076,44487.96296296296,122190.10416666667,156958.49567099568
2016-02-20,216656.55092592593,44501.38888888889,119079.42708333333,155982.98701298703
2016-02-21,216353.54166666666,44585.18518518519,113923.17708333333,153708.2575757576
2016-02-22,214618.49537037036,44583.7962962963,113618.48958333333,152770.28138528139
2016-02-23,213110.02314814818,44592.129629629635,112141.92708333333,151452.3593073593
2016-02-24,216057.89351851854,43981.01851851852,110141.92708333333,151927.98701298703
2016-02-25,214265.90277777778,43930.555555555555,105845.05208333333,149298.5606060606
2016-02-26,218635.07834757832,43265.740740740745,111970.05208333333,153809.04095904095
2016-02-27,216834.4301994302,40315.277777777774,100638.02083333333,146533.44784133247
2016-02-28,214710.7727920228,40311.66666666667,105231.77083333333,147437.4506903353
2016-02-29,216538.25142450142,39314.75490196078,103513.02083333333,147447.96496113238
2016-03-01,203088.78205128206,40320.59523809524,103856.77083333333,141510.4970883817
2016-03-02,200645.49501424504,40318.16666666667,108350.26041666667,142225.9976988823
2016-03-03,210545.26353276352,40128.333333333336,110781.25,147768.11308349768
2016-03-04,197243.55056980054,40303.16666666667,115069.01041666667,143410.35667324127
2016-03-05,212710.80246913582,40307.833333333336,109270.83333333333,148170.94729344727
2016-03-06,212471.9135802469,40319.583333333336,105911.45833333333,146683.99216524215
2016-03-07,212887.42283950618,40317.91666666667,113020.83333333333,149792.21866096868
2016-03-08,208777.73368606702,40316.893939393936,113177.08333333333,147959.41049691048
2016-03-09,214433.2561728395,40316.893939393936,112356.77083333333,150233.11318311316
2016-03-10,211056.25,40332.5,113958.33333333333,149333.547008547
2016-03-11,219303.75,40324.583333333336,116350.26041666666,154120.37393162394
2016-03-12,218130.32407407407,37522.916666666664,109748.73737373739,147218.2098765432
2016-03-13,212839.8148148148,37525.694444444445,110051.76767676767,144990.74074074073
2016-03-14,221406.94444444444,37524.65277777778,112203.43137254902,149217.83536585365
2016-03-15,215610.64814814815,37272.22222222222,109872.61904761904,145238.45381526105
2016-03-16,215831.71296296298,37305.90277777778,108570.23809523809,144790.01004016065
2016-03-17,214023.44054580896,37248.61111111112,112011.90476190476,145448.72120059186
2016-03-18,219987.41096866096,34535.57692307692,107609.52380952382,144462.41224053723
2016-03-19,227534.22469415117,32210.714285714286,101585.71428571429,143502.14222340522
2016-03-20,224162.907000407,32341.666666666668,102820.18633540372,142604.17067161313
2016-03-21,231422.20594220594,32199.702380952385,108724.31972789115,148086.42867916398
2016-03-22,231515.28133903132,21224.10714285714,104962.10497181964,144306.08613012367
2016-03-23,231622.96652421652,32102.083333333332,104870.62665343915,146083.70373328222
2016-03-24,220748.6403508772,31109.821428571428,94662.26641414141,137096.86213419383
2016-03-25,217923.91812865497,20200.595238095237,102170.57870370371,137281.51417788657
2016-03-26,224335.49220272904,31367.619047619046,111954.02380952382,146277.8261093911
2016-03-27,229072.1125730994,32198.571428571428,109810.625,147099.51805385557
2016-03-28,229693.4088693957,30349.047619047615,101364.17824074073,143522.7884026928
2016-03-29,222527.64106211474,25070.87962962963,103239.17824074073,136279.21944283787
2016-03-30,212029.12754860122,23751.35964912281,114681.30787037036,135053.05039092296
2016-03-31,212912.52252252251,23831.35964912281,111616.49305555556,134225.57518115942
2016-04-01,217936.1261261261,23859.21052631579,111008.30062399356,136013.70096880908
2016-04-02,214942.92792792796,25121.49122807018,105053.2175925926,132740.35326086957
2016-04-03,218381.80555555556,32200.297619047615,104149.13262527232,140254.85978112175
2016-04-04,220063.19444444444,32202.23214285714,109484.54861111111,143192.44186046513
2016-04-05,226303.42592592593,32204.7619047619,105292.83985690236,144050.37482381958
2016-04-06,227580.39351851854,32205.65476190476,103490.33564814815,143830.52810077518
2016-04-07,234322.29166666666,32199.40476190476,103549.91696859902,146676.64159925852
2016-04-08,234284.52546296295,32200.297619047615,107979.91898148149,148515.3972868217
2016-04-09,236569.24768518517,32198.809523809527,108268.95833333333,149592.54360465117
2016-04-10,236462.30324074073,32194.791666666668,99590.71759259258,145914.37015503878
2016-04-11,235600.49768518517,32090.625,103037.78935185185,146979.61724806202
2016-04-12,231311.86342592593,32200.744047619046,104982.23379629629,146016.25484496122
2016-04-13,229460.33564814815,31965.625,107285.47453703704,146167.06879844962
2016-04-14,235883.31323099416,32002.827380952385,99900.05787037038,145770.24352305182
2016-04-15,243385.67434210528,32200.744047619046,102828.29861111111,150168.76096491228
2016-04-16,245244.23915692006,32200.744047619046,107302.52314814815,152819.69604243166
2016-04-17,243577.2252680312,32065.02976190476,96163.46891534392,147436.92334032757
2016-04-18,244198.3826754386,31723.5119047619,97749.94716183575,148305.45396289005
2016-04-19,236894.49378654972,31722.619047619046,104267.69255050505,147976.2252883795
2016-04-20,236115.47758284598,32076.4880952381,110444.60473500994,150293.41624158312
2016-04-21,237649.23076923078,32008.630952380954,108765.56712962962,150221.5529964222
2016-04-22,239151.98076923078,31394.940476190473,107686.04271885523,150298.81409578794
2016-04-23,246209.36965811966,31558.035714285714,111559.00462962962,154900.86016696482
2016-04-24,228932.19373219373,31712.797619047615,107132.38425925927,145840.74388789505
2016-04-25,226578.07336182336,32583.58843537415,111886.16898148147,146987.01119132806
2016-04-26,237374.69373219373,35032.692307692305,113026.21527777778,153763.03205128206
2016-04-27,235687.3789173789,36210.416666666664,113170.8912037037,154683.60386141637
2016-04-28,233800.80484330482,36081.944444444445,115163.94675925927,154710.8856074481
2016-04-29,243248.7215099715,35377.083333333336,116161.9476010101,159087.01295232546
2016-04-30,253193.32027540362,35377.083333333336,114604.03714726631,162681.30794304903
2016-05-01,256445.63509021845,35356.25,119374.70328282828,166116.75215987716
2016-05-02,251730.35731244067,35300.694444444445,111107.89517195767,160545.06455680562
2016-05-03,235243.27558327556,35377.083333333336,111188.25231481482,154485.92094017094
2016-05-04,243873.83597883597,38502.27272727273,103771.58564814815,155888.67685025817
2016-05-05,246049.06084656084,43059.166666666664,108135.01157407407,160746.56431475029
2016-05-06,250543.27380952385,39716.666666666664,111919.41813973064,162476.38847598183
2016-05-07,253415.32324735448,38845.454545454544,110817.40788414273,163128.6544666735
2016-05-08,252748.10102513226,35594.444444444445,110714.56018518518,160854.63258219953
2016-05-09,253359.11375661375,33378.846153846156,116197.76960784313,162717.79833620193
2016-05-10,251758.28042328043,33591.98717948718,116066.97303921569,162003.26520367182
2016-05-11,245889.34523809527,33971.794871794875,109637.32638888889,155771.68837535015
2016-05-12,244953.7962962963,33494.230769230766,109206.77083333333,155120.06372549018
2016-05-13,251368.19444444444,31118.214285714286,112957.91666666667,158099.25980392157
2016-05-14,251441.27314814818,33435.0,104608.48128019324,155911.13128729752
2016-05-15,236496.6203703704,33435.0,104526.59722222222,149546.95098039217
2016-05-16,240182.2685185185,33435.0,109585.97958754208,153250.72860962566
2016-05-17,240021.89814814818,31118.214285714286,111201.44675925927,152089.48158914727
2016-05-18,237640.27777777778,31272.85714285714,111722.39583333333,151335.77034883722
2016-05-19,233643.10185185182,31510.535714285714,111706.77083333333,149694.68507751936
2016-05-20,237447.82407407404,33701.76282051282,115654.6875,154703.68627450982
2016-05-21,239881.99074074073,33549.166666666664,111927.52314814815,154132.72549019608
2016-05-22,243993.9814814815,33499.03846153846,111943.14814814815,155873.22549019608
2016-05-23,246701.47619047618,33673.71794871795,122667.46323529411,161500.04573170733
2016-05-24,246546.6666666667,33678.942307692305,115835.29761904762,158086.68674698795
2016-05-25,243156.9523809524,33574.55128205128,119764.27696078431,158767.65752032519
2016-05-26,243496.47619047618,33574.230769230766,122117.2181372549,159888.13516260163
2016-05-27,241126.52380952382,33535.44871794872,119390.05952380953,157277.60542168675
2016-05-28,255135.47619047618,33578.07692307692,118712.35714285714,162905.8935742972
2016-05-29,248992.5,33406.794871794875,116279.02380952382,160330.76388888888
2016-05-30,248419.9673202614,33406.794871794875,108831.40476190476,156982.21813725488
2016-05-31,245711.25,33406.794871794875,117999.57107843137,160143.1174698795
2016-06-01,239146.9814814815,33551.60256410257,117058.39460784313,156933.10341365464
2016-06-02,229200.23983570037,33379.77564102564,115123.3455882353,151799.27069178972
2016-06-03,233722.3231690337,33375.60897435898,111853.15476190476,151937.46389783983
2016-06-04,234654.73544973542,33477.27564102564,109504.14215686276,151878.5047332186
2016-06-05,236148.99470899472,33539.455128205125,105890.92857142857,150518.56221655328
2016-06-06,237196.11946533,33537.85256410257,102088.54761904762,149382.75655657
2016-06-07,252996.62872458927,33385.38461538462,106771.01190476191,158081.83393752237
2016-06-08,233809.92063492065,33459.77564102564,111783.88480392157,152443.20854847963
2016-06-09,229989.3246187364,32609.903846153848,108655.20833333334,149371.34360973304
2016-06-10,249175.204248366,34942.95138888888,105057.63655462186,157429.39818095914
2016-06-11,248657.95887799567,32690.48076923077,102999.2619047619,154543.29686041083
2016-06-12,251131.9403594771,32939.10256410256,103002.83333333333,155643.5399159664
2016-06-13,241823.5607298475,33094.903846153844,108279.34523809524,153876.89309056956
2016-06-14,235065.73665577345,33131.057692307695,116824.32598039217,155001.17292700213
2016-06-15,241904.09313725488,34394.43538647343,106363.54166666666,155337.08529567713
2016-06-16,242024.93055555556,37430.606060606064,112365.05952380953,159236.7225609756
2016-06-17,245123.2771164021,34193.055555555555,109021.4880952381,157235.02079747562
2016-06-18,236697.81960006224,35150.902777777774,111090.74542124543,154591.6678154116
2016-06-19,241972.33508741658,33920.256410256414,110662.5735930736,155061.3984790227
2016-06-20,241518.40277777778,35205.3227124183,107530.53571428571,155189.09786203637
2016-06-21,239105.3935185185,33874.61538461538,111130.15977443609,154020.47331871346
2016-06-22,240928.40277777778,33724.35897435898,114507.8649068323,156185.88617149758
2016-06-23,246511.59722222222,31937.509426847664,114859.75649350649,158448.76904549697
2016-06-24,240340.18518518517,32080.865384615383,114123.73299319728,155519.38775510204
2016-06-25,251183.32244008713,33679.42307692308,114031.88095238096,160375.57072829132
2016-06-26,258728.14814814818,33748.75,117289.68137254902,165551.76204819276
2016-06-27,264022.5,33738.33333333333,117291.23774509804,167847.11345381525
2016-06-28,255971.11111111112,33640.769230769234,117212.80637254904,164307.53514056225
2016-06-29,257939.49404761905,33737.27564102564,113874.10714285714,163214.2871315193
2016-06-30,252673.75,33765.44871794872,117242.95343137256,162909.23192771085
2016-07-01,254023.61111111112,33680.83333333333,113202.51225490196,161826.3403614458
2016-07-02,248553.56481481483,33728.942307692305,110009.7794117647,158153.4588353414
2016-07-03,253761.43921095008,33744.807692307695,114318.60294117648,162179.8411035446
2016-07-04,258819.0476190476,33650.83333333333,111123.78571428571,161270.60240963855
2016-07-05,261200.82115009747,33626.92307692308,111270.19557823129,163509.95722192386
2016-07-06,254388.55855855855,27428.014705882353,111120.53571428571,154695.1872659176
2016-07-07,259306.03603603606,27495.906862745094,107072.91666666667,155160.73970037454
2016-07-08,261224.81981981982,26943.11274509804,106995.53571428571,155822.4157303371
2016-07-09,262018.37837837837,26915.6862745098,106994.02380952382,156146.48876404495
2016-07-10,262007.74774774772,27026.102941176472,108687.47549019607,157376.1884469697
2016-07-11,256301.46396396394,27030.147058823528,109053.86904761904,154601.70880149814
2016-07-12,253884.30180180178,27052.89215686274,112173.10049019607,155312.54261363635
2016-07-13,253597.27477477476,27058.529411764706,112174.32598039217,155193.42329545456
2016-07-14,254175.15765765766,26962.426470588234,108997.91666666667,153682.79962546815
2016-07-15,259349.80855855855,28703.567708333336,101801.4880952381,154752.86458333334
2016-07-16,264297.10585585586,26848.77450980392,103566.64285714286,155733.1975655431
2016-07-17,263863.9076576577,26759.828431372553,108200.95588235294,157917.20643939392
2016-07-18,259749.34684684686,27097.5,108465.99264705883,156354.853219697
2016-07-19,254589.56306306308,28654.166666666664,111609.375,157160.91091954024
2016-07-20,244014.6081081081,29052.34375,111607.81862745098,152736.13601532567
2016-07-21,246674.60585585583,29098.880208333336,108996.72619047618,152357.13541666666
2016-07-22,240082.1225029377,27345.784313725493,112173.10049019607,149565.93502964426
2016-07-23,248705.63063063065,27430.147058823528,113321.38480392157,153651.68087121213
2016-07-24,257067.7927927928,27463.72549019608,114555.12254901961,157650.74810606058
2016-07-25,256389.95495495497,27546.446078431374,108380.20833333334,154995.9659090909
2016-07-26,255641.72297297296,27580.12254901961,111711.09068627452,155974.80587121213
2016-07-27,259825.9234234234,27438.700980392154,106328.73774509804,155627.20643939392
2016-07-28,247577.60135135136,27476.299019607846,107178.00245098039,150812.73200757575
2016-07-29,257931.29504504503,27539.240196078434,106652.26715686276,154975.02367424243
2016-07-30,249562.47747747746,27615.465686274507,103632.11904761904,149779.76123595505
2016-07-31,255243.96396396394,27837.80303030303,103632.11904761904,152184.19645897174
2016-08-01,263157.9279279279,27796.176470588234,111622.85539215687,159142.67518939392
2016-08-02,260264.95495495497,27784.41176470588,99711.09068627452,153321.76609848486
2016-08-03,262382.6126126126,27718.700980392154,91490.77380952382,150354.51310861422
2016-08-04,256572.07207207204,29343.958333333336,99801.77696078431,153516.44157088123
2016-08-05,254401.35135135136,27769.73039215686,98953.73774509804,150560.9375
2016-08-06,264123.8738738739,29536.822916666664,95941.48284313724,155254.97605363984
2016-08-07,245237.11711711713,27707.009803921566,99915.41666666666,147067.23484848483
2016-08-08,257913.55855855855,27658.77450980392,101564.0318627451,153024.7490530303
2016-08-09,240210.22522522524,27694.4362745098,97978.86904761905,143683.64232209738
2016-08-10,236944.95495495497,27756.789215686273,101883.88480392157,144350.91856060608
2016-08-11,238066.48648648648,27739.632352941175,98676.96428571429,143075.58988764044
2016-08-12,236435.90090090092,28166.91176470588,95983.63095238096,141420.14513108614
2016-08-13,229986.84684684686,28034.485294117647,101882.32843137255,141478.39488636365
2016-08-14,229275.90090090092,27817.867647058825,94409.5,137757.8043071161
2016-08-15,244165.90090090092,27757.303921568626,94270.21428571429,143881.68539325843
2016-08-16,260809.32432432432,27627.18137254902,99061.52210884354,152660.22873194222
2016-08-17,253989.72972972973,27958.308823529413,99025.29761904762,149874.11985018727
2016-08-18,260082.07207207204,26520.39215686274,99174.32598039217,152793.30018939392
2016-08-19,261475.54054054053,25870.416666666668,93538.11274509804,150429.5059484468
2016-08-20,257398.5185185185,25848.43137254902,98330.92857142857,149401.73295454544
2016-08-21,250014.76851851854,25784.70588235294,100738.25457875457,147326.25655594407
2016-08-22,255545.97222222222,25866.593137254906,95634.82142857143,147575.06628787878
2016-08-23,241501.41414141416,25856.053921568626,98795.64950980392,143593.7460815047
2016-08-24,244639.35185185182,25892.083333333332,90339.76715686274,141594.64559386973
2016-08-25,242772.03703703705,25910.0,90411.0119047619,140280.09943181818
2016-08-26,230770.0462962963,25893.921568627447,92641.96428571429,136254.39867424243
2016-08-27,236289.95495495497,25735.09803921569,90853.18530020703,138877.37624165445
2016-08-28,241901.03603603606,25555.63725490196,87998.78571428571,140053.27715355804
2016-08-29,244202.11711711713,25589.475201845442,89586.0119047619,141640.55987001542
2016-08-30,242113.8738738739,25374.926470588234,97036.80555555556,143661.5199750312
2016-08-31,231028.19819819822,25536.200980392157,93445.35256410256,137671.30437914145
2016-09-01,219836.98198198198,25667.96568627451,95626.39652014652,133901.65874387784
2016-09-02,237689.67592592596,25835.95588235294,101215.99264705883,142958.42911877396
2016-09-03,245443.88888888888,25863.566176470587,87636.88095238096,140260.81202651517
2016-09-04,245362.8858024691,25838.84803921569,90352.11904761904,141302.8235479798
2016-09-05,237467.77777777778,25944.215686274507,90208.39285714286,138036.19791666666
2016-09-06,229374.72222222222,25833.57843137255,91454.96323529411,135702.6388888889
2016-09-07,229460.9175084175,25894.852941176472,97087.91666666666,137487.30242768594
2016-09-08,241898.10185185182,25800.024509803923,97403.76157407407,142173.79213483146
2016-09-09,250409.27499152473,31021.84523809524,100622.51157407407,151993.60639180103
2016-09-10,245750.89424951267,31319.226190476187,100363.8867845118,149983.73585920405
2016-09-11,235899.0423976608,33482.33974358974,101752.46001683502,148126.17063045313
2016-09-12,249639.78313840154,31375.803571428572,98285.01157407407,150750.6262749898
2016-09-13,265305.6666666667,31389.791666666668,100600.94696969698,157692.72095959596
2016-09-14,261263.33333333334,31367.5,104758.63095238096,158955.02450980392
2016-09-15,248912.53753753752,31279.791666666668,95470.4104010025,151036.57367741058
2016-09-16,258747.84578696341,33421.53846153846,98515.7738095238,158308.26326412917
2016-09-17,258972.18790218787,31371.72619047619,104155.45238095238,158914.13898117386
2016-09-18,258353.66041366043,33765.57692307692,99584.02380952382,157441.96557410844
2016-09-19,263414.30555555556,31206.547619047622,99277.20238095238,157582.45588235295
2016-09-20,251606.43518518517,31345.0,104695.05952380951,154835.16176470587
2016-09-21,247470.3935185185,33048.75,104662.91666666666,154782.97619047618
2016-09-22,240540.24774774772,31365.714285714286,101027.60416666667,149150.6082375479
2016-09-23,244964.21171171172,31396.011904761905,105035.70601851851,152695.46455938698
2016-09-24,244013.08558558556,31530.446428571428,99103.07142857143,150447.88275193798
2016-09-25,244245.2538902539,31506.547619047615,96609.02380952382,149528.85923185342
2016-09-26,245023.9189189189,31511.60714285714,102280.7738095238,152172.96027131783
2016-09-27,239952.36486486485,32098.809523809527,102202.20238095237,150054.6269379845
2016-09-28,240593.69369369367,32124.196428571428,94541.49305555556,146611.4846743295
2016-09-29,236936.03603603606,31956.934523809527,93845.05952380953,145332.64534883722
2016-09-30,237943.4684684685,32034.375,98185.53571428571,147545.1550387597
2016-10-01,243924.25925925927,33952.243589743586,92177.75462962962,147541.78431372548
2016-10-02,236951.26126126124,33949.03846153846,91312.59523809524,145935.0
2016-10-03,239903.49830349832,34010.256410256414,80299.5949074074,141969.16496778416
2016-10-04,240821.03868574457,34016.98717948718,84110.9375,143960.38389192885
2016-10-05,246372.20845351284,34016.98717948718,84043.80787037036,146320.57708658883
2016-10-06,244574.70231100667,33984.93589743589,84166.49305555556,145593.74304853386
2016-10-07,244237.08969839406,36698.958333333336,84097.04861111111,147113.57139812448
2016-10-08,247099.29690560125,34437.05128205128,85919.7380952381,148206.4292412617
2016-10-09,249425.46164176599,31928.452380952385,85131.45833333333,146442.21740320316
2016-10-10,250506.18879749315,31858.065476190473,85882.92824074073,147201.4634349492
2016-10-11,250656.63924794362,31596.658163265307,89428.39285714286,149379.56530767007
2016-10-12,242770.04504504503,34139.67948717949,89683.15476190476,147826.09313725488
2016-10-13,250647.3873873874,34159.98650472335,89805.38194444444,150593.33613831087
2016-10-14,253750.94594594595,34153.29622132254,89605.38194444444,151843.8558241534
2016-10-15,254715.4478007419,34066.730769230766,83138.71527777778,149538.75370497035
2016-10-16,243068.13002842414,31849.04448621554,79440.48611111111,141370.8613087208
2016-10-17,238574.68203497617,31894.64285714286,90681.36301742919,144118.58970024792
2016-10-18,246691.10389161538,32121.130952380954,97514.10714285714,151049.53985259423
2016-10-19,232225.0,31688.39285714286,97512.91666666666,144754.8207364341
2016-10-20,224797.70857814336,31335.416666666668,97512.91666666666,141501.89690765084
2016-10-21,229392.7927927928,31330.734126984124,95067.27167508418,141937.76311970278
2016-10-22,231008.24520172345,31332.440476190473,92554.10083160084,141027.96556704165
2016-10-23,227950.86814086814,33748.344645550525,98152.29166666667,144260.3849023753
2016-10-24,227808.79606879607,33915.48368298368,105189.6412037037,147170.3933227625
2016-10-25,232649.16666666666,35230.3125,105207.00231481482,149828.40277777778
2016-10-26,235998.09523809527,35219.895833333336,103392.03653381643,149454.04094639426
2016-10-27,228764.56196581197,35049.0845959596,100814.64120370371,146255.2420149295
2016-10-28,238303.93518518517,35039.382309941524,101612.83143939394,150684.2403119541
2016-10-29,233170.96327096326,33762.702429149795,98167.80092592593,146514.90239462702
2016-10-30,255764.65696465698,33730.46474358974,98006.45488721805,156847.2267107248
2016-10-31,261941.8918918919,33740.55128205128,98886.40046296296,159190.55329457365
2016-11-01,251172.56347256346,33788.46153846154,93024.13194444444,152110.50695912613
2016-11-02,253312.6126126126,33875.71428571428,91268.3449074074,152309.43452380953
2016-11-03,251585.62279670977,33922.10955710956,96316.48284313724,155052.57005223038
2016-11-04,256900.93811202506,33917.75058275058,96610.60049019607,157512.21290937322
2016-11-05,244173.55855855855,33745.55860805861,89683.07142857143,148376.72268907563
2016-11-06,244441.03603603606,33885.622710622716,92173.78571428571,149540.16386554623
2016-11-07,244323.37837837837,33628.479853479854,89797.35714285714,148471.09103641458
2016-11-08,245529.72972972973,35129.375,91993.15476190476,151498.9632936508
2016-11-09,240883.4684684685,35150.347222222226,99257.65931372548,153123.52911646586
2016-11-10,247655.3153153153,33499.62278106509,93702.94086700336,150837.76318642596
2016-11-11,263962.9980876017,35476.180555555555,96293.15476190476,161459.58943541185
2016-11-12,265306.46655607014,35528.177083333336,92034.5,160284.34389969756
2016-11-13,267361.4414414415,35742.04861111111,89557.1307319224,159356.8779178338
2016-11-14,268006.7315117315,35752.465277777774,89511.71626984127,159620.0051174316
2016-11-15,276714.4471744472,35272.291666666664,92660.25958994709,164676.1340081487
2016-11-16,262987.31626363203,35611.76388888888,88389.11888651473,156939.76645100684
2016-11-17,268043.5277382646,33973.71794871795,87674.09887566138,157157.40022294107
2016-11-18,274477.74774774775,33909.294871794875,92207.29692760942,161813.49057434814
2016-11-19,270291.9369369369,33579.57875457875,90935.625,159430.44988925802
2016-11-20,271461.53153153154,33397.756410256414,87934.64403651904,158649.93820133354
2016-11-21,272072.3078961314,33703.97435897436,93793.15476190476,162206.91147635525
2016-11-22,265852.95795795793,33696.92307692308,93793.15476190476,159498.5866013072
2016-11-23,261708.24324324325,33366.47435897436,93237.20238095238,157414.95588235295
2016-11-24,270856.768018018,33325.096153846156,98448.83578431372,164311.7509920635
2016-11-25,256348.9223462593,25394.153846153848,95497.91666666667,154793.66129582268
2016-11-26,254447.1734234234,17670.576923076922,93207.15277777778,151159.53972868217
2016-11-27,267482.8040540541,25666.3127090301,92958.14484126984,157872.31429654773
2016-11-28,269938.4797297297,33488.42490842491,93928.5300925926,160517.44601328904
2016-11-29,265622.3536036036,34917.67361111111,96245.19675925927,161316.07352941178
2016-11-30,265284.5157657658,34926.493055555555,95597.51157407407,160895.94607843136
2016-12-01,254391.99778726092,34837.00126262626,92933.15972222222,155013.431568002
2016-12-02,254579.23423423423,35466.68176328502,92219.27083333333,154881.47762148335
2016-12-03,258521.80180180178,35473.680555555555,92268.8811728395,156619.65359477125
2016-12-04,260730.67567567568,35047.319444444445,98415.41666666666,161611.1686746988
2016-12-05,263708.15315315314,34928.125,93828.99305555556,159460.97549019608
2016-12-06,266509.91970231105,33413.78205128205,104171.875,164727.26125776398
2016-12-07,263998.69369369367,33604.58333333333,104642.46323529411,163841.13095238095
2016-12-08,263853.9169604387,33671.153846153844,104170.31862745098,163596.5566770186
2016-12-09,267541.77723177726,33694.230769230766,104189.0318627451,165232.11715367963
2016-12-10,269321.0464223622,33832.88461538462,99481.5931372549,164131.90933683416
2016-12-11,267172.25225225225,33746.153846153844,99952.18137254902,163362.47023809524
2016-12-12,267922.7927927928,33765.38461538462,104666.97303921569,165604.40972222222
2016-12-13,260213.8738738739,34112.82051282051,91431.67892156863,156905.44146825396
2016-12-14,262858.5585585585,34417.94871794872,91431.67892156863,158117.58432539683
2016-12-15,259580.18018018018,34162.307692307695,88847.91666666667,154802.98529411765
2016-12-16,253210.7207207207,34161.66666666667,91423.10049019607,153824.80654761905
2016-12-17,242112.88288288287,36665.972222222226,96936.25,152939.76907630524
2016-12-18,247166.35135135136,36714.583333333336,104656.83823529411,158362.1987951807
2016-12-19,251469.86486486485,33956.31868131868,96937.80637254902,155258.36380385488
2016-12-20,244344.23423423423,33956.31868131868,104658.39460784315,155244.69316893423
2016-12-21,235405.69819819822,36702.67857142857,104641.23774509804,153111.38625932302
2016-12-22,245521.86936936935,33956.31868131868,104658.39460784315,155763.41340702947
2016-12-23,244045.83333333334,36702.67857142857,104658.39460784315,156970.0408777969
2016-12-24,247540.6081081081,36702.67857142857,100590.45238095238,156191.6723356009
2016-12-25,260034.97747747746,36702.67857142857,103333.30882352941,163554.92541594952
2016-12-26,260694.8873873874,33956.31868131868,101217.21813725491,161053.90943877553
2016-12-27,260284.43693693692,37081.15079365079,101217.21813725491,162854.01678141137
2016-12-28,261844.12162162163,37129.7619047619,102540.74754901962,164098.49469305796
2016-12-29,261386.46396396394,37282.53968253968,103334.86519607843,164241.86818703386
2016-12-30,260013.04054054053,37598.5119047619,104658.39460784315,164217.4705966724
2016-12-31,258708.44594594595,40202.1645021645,100409.5,162997.21457257602
2017-01-01,260941.95945945947,40202.1645021645,96152.35714285714,162197.69650028687
2017-01-02,261125.6081081081,40209.74025974026,99253.86904761905,163588.43445209408
2017-01-03,259472.4662162162,40209.74025974026,102128.98284313726,164819.19279907085
2017-01-04,256553.5472972973,37449.20634920635,102128.98284313726,161617.55593803787
2017-01-05,253372.8153153153,37068.25396825397,102128.98284313726,160144.56181870337
2017-01-06,258420.65315315314,37155.05952380953,97276.04166666667,160419.4011761331
2017-01-07,259483.67117117118,37293.40277777778,97274.48529411765,160912.640562249
2017-01-08,259413.2207207207,37272.22222222222,95695.21428571429,159462.95634920636
2017-01-09,259803.35585585583,37286.458333333336,97745.34722222222,159752.8725490196
2017-01-10,259166.19369369367,37184.02777777778,103952.51225490197,163490.8785140562
2017-01-11,254444.11632220456,37245.48611111112,105187.80637254904,161900.76570989843
2017-01-12,255297.40879077837,37254.166666666664,102396.72619047618,160439.75645149365
2017-01-13,260481.99146514936,37253.47222222222,102396.72619047618,162723.34247076022
2017-01-14,256858.27846643637,37280.555555555555,102366.64285714286,161118.5174991049
2017-01-15,259448.20768136557,37168.055555555555,106509.7794117647,164661.84157683366
2017-01-16,259623.88335704122,37218.194444444445,106511.33578431373,164748.04137603042
2017-01-17,254945.05452821244,37221.666666666664,103525.29761904763,160750.1480263158
2017-01-18,253661.27074442865,37208.680555555555,103382.44047619049,160123.29286758564
2017-01-19,251505.05452821244,37173.958333333336,108984.40656565658,162783.65773427472
2017-01-20,250401.99146514936,37208.680555555555,103449.10714285714,158715.4357247285
2017-01-21,248377.3447131342,37208.680555555555,103419.02380952382,157811.09231411864
2017-01-22,248413.4329065908,36962.15277777778,103409.5,157787.80179615706
2017-01-23,248060.8589040168,37007.291666666664,108158.39460784315,160237.64694114806
2017-01-24,253626.23856939646,36969.097222222226,108158.39460784315,162713.07723374703
2017-01-25,251847.75723091513,36972.569444444445,108187.80637254904,161932.81045233566
2017-01-26,259761.52777777778,36993.40277777778,101796.7261904762,160942.4246987952
2017-01-27,259692.08333333334,36986.458333333336,109106.25,163993.6295180723
2017-01-28,259194.27927927923,36993.40277777778,102865.88293650794,161615.0700280112
2017-01-29,264324.41441441444,36959.027777777774,111711.88095238096,168255.0892857143
2017-01-30,256362.2072072072,37195.05718954249,111707.00231481482,164155.22866205306
2017-01-31,255793.4684684685,37276.041666666664,111749.13194444444,163936.93627450982
2017-02-01,250587.2548896164,37192.708333333336,118186.58088235294,166511.57066435026
2017-02-02,250962.74356840717,37093.75,115132.44047619047,164839.34908548402
2017-02-03,251097.50683526997,36988.194444444445,114895.53571428571,164787.1452126305
2017-02-04,249954.54944178628,37193.055555555555,114263.45588235294,164637.46482683983
2017-02-05,247186.96172248802,37228.47222222222,110365.45238095237,161207.4946524064
2017-02-06,241426.96172248802,37228.47222222222,110343.15476190476,158623.254456328
2017-02-07,242825.51435406698,38789.39393939394,115638.39285714286,163111.86462842714
2017-02-08,258837.25589225593,38800.757575757576,115486.0119047619,168133.65807464893
2017-02-09,246861.1722488038,37222.569444444445,112655.38194444444,161430.10614869627
2017-02-10,236342.3245614035,37552.430555555555,111120.02551020408,156715.74579831935
2017-02-11,237925.92105263157,37547.916666666664,108486.88095238095,156338.83333333334
2017-02-12,225054.26964149508,37319.791666666664,108495.45238095237,150555.7715260017
2017-02-13,237120.70175438595,37538.541666666664,99911.33432539682,151835.54886489478
2017-02-14,231899.6052631579,37548.958333333336,104487.20238095238,151997.93627450982
2017-02-15,233648.12977419628,37211.11111111112,107862.56868131869,154121.7902188111
2017-02-16,234808.58033240997,37022.569444444445,103880.5502946128,152403.4499601276
2017-02-17,238362.7031394275,37207.98611111112,103907.36607142858,154010.9736186396
2017-02-18,239991.08033240997,37201.041666666664,102115.7353988604,153979.53519756458
2017-02-19,246223.94736842107,37212.15277777778,100525.27447089947,155008.72666961522
2017-02-20,251042.50592697962,37219.444444444445,103157.51869658119,158222.07912598236
2017-02-21,242014.17259364625,37212.84722222222,103650.75231481482,154500.06630546955
2017-02-22,239871.1976682565,37226.73611111112,105252.67857142857,154830.9392507003
2017-02-23,228465.38685744567,37202.430555555555,102171.91633597884,147974.55845279287
2017-02-24,226731.33280339162,37195.48611111112,104702.33961640211,148290.46321469764
2017-02-25,228127.05352411233,37223.26388888888,108744.97619047618,151112.55135387488
2017-02-26,245558.76523582404,37188.88888888888,108550.51731601731,158704.87007681862
2017-02-27,248800.43190249076,37204.41176470588,108551.25,160135.26989962652
2017-02-28,247430.25386731265,37058.680555555555,108601.83823529411,159531.99878562536
2017-03-01,238406.4550685139,34422.756410256414,109840.99264705883,154799.14786748032
2017-03-02,241004.44091149973,36461.458333333336,106788.39285714286,155860.6614729225
2017-03-03,241520.22378819794,36683.680555555555,107016.96428571429,156214.8356765475
2017-03-04,244866.70222854434,37214.930555555555,108940.45238095237,158566.22598162072
2017-03-05,239063.69063390742,37214.930555555555,108924.0238095238,156980.4734598645
2017-03-06,240735.86795937212,37214.930555555555,110116.96428571429,158219.24587203303
2017-03-07,239932.69321953534,37214.930555555555,108787.15062111801,156329.03675629292
2017-03-08,245927.21247563357,37214.930555555555,109244.29347826086,158114.56731962174
2017-03-09,242191.62094369915,37218.75,109204.7193877551,156478.17509089876
2017-03-10,250068.7091503268,37136.458333333336,117105.69852941176,163776.88755380202
2017-03-11,234671.76205617381,37178.125,108625.57142857143,153939.13923902894
2017-03-12,212369.7061168965,37212.84722222222,111682.57352941176,146592.98213224683
2017-03-13,225569.9892109954,37097.569444444445,105415.77380952382,149486.85301981756
2017-03-14,230423.47084170696,37216.319444444445,109605.69852941176,153920.01756331188
2017-03-15,221280.51685586513,37212.84722222222,106521.72619047618,148040.87322183774
2017-03-16,226047.52715121137,35154.807692307695,106189.58333333333,148412.25521410114
2017-03-17,237743.42449260404,37209.375,110588.39285714286,157074.78094963476
2017-03-18,233528.42105263157,37209.375,110586.88095238095,155189.80392156864
2017-03-19,240238.6828914391,37219.791666666664,113810.02450980392,160062.47956200023
2017-03-20,242879.69870327995,37205.90277777778,110501.16666666666,159334.5907928389
2017-03-21,244038.07017543857,37223.26388888888,110699.10714285714,159936.40686274512
2017-03-22,239186.62280701753,37223.26388888888,111300.29761904762,158015.07352941178
2017-03-23,244985.00773993807,37185.069444444445,115528.49264705883,162900.2366363212
2017-03-24,242399.61152882208,37193.055555555555,114388.39285714286,160718.7724089636
2017-03-25,250235.350877193,37237.15277777778,107390.02314814815,160718.9534883721
2017-03-26,252952.23684210525,37188.541666666664,113333.30882352941,165616.42857142858
2017-03-27,250972.71929824562,37150.347222222226,113811.58088235294,164909.0625
2017-03-28,241229.75300092337,37202.430555555555,113811.58088235294,160508.97060359232
2017-03-29,243998.58054226474,37240.625,113540.74754901961,161657.36877705628
2017-03-30,252076.6931752458,35048.39743589743,113811.58088235294,163578.08538030597
2017-03-31,260196.34711779447,35061.21794871795,113811.58088235294,167210.00910364147
2017-04-01,261679.5773524721,36955.208333333336,106386.88095238095,166009.73262032086
2017-04-02,261743.77192982452,36857.98611111111,109177.67156862744,167864.2857142857
2017-04-03,261398.37719298247,36955.208333333336,112230.69852941176,168957.67361111112
2017-04-04,255844.09839644362,36986.458333333336,110112.20238095237,164939.29791056694
2017-04-05,259600.65789473685,36704.166666666664,109924.10714285714,166501.39705882352
2017-04-06,254633.2894736842,37211.11111111112,110359.82142857143,164531.67156862747
2017-04-07,264253.72807017545,37239.23611111112,112752.75735294117,170501.26488095237
2017-04-08,273383.10185185185,34391.76282051282,107604.14215686274,168041.27008032126
2017-04-09,274605.32407407404,33714.519230769234,108787.9656862745,168950.2560240964
2017-04-10,260878.07017543857,34292.307692307695,107605.69852941176,164914.82843137253
2017-04-11,263240.61403508775,34235.57692307692,110760.11029411765,167224.11274509804
2017-04-12,268734.6154335113,34357.56410256411,108755.73979591836,168197.84433330124
2017-04-13,268306.6666666667,34221.79487179487,112170.31862745096,170050.91176470587
2017-04-14,268035.0,34294.230769230766,111751.20098039215,169772.89215686274
2017-04-15,268078.12326869805,34427.243589743586,111751.20098039215,169812.51393188853
2017-04-16,270829.8642439432,34434.294871794875,110810.02450980392,170667.31185807654
2017-04-17,263086.7543859649,34420.833333333336,108016.96428571429,165411.1773255814
2017-04-18,247267.39063568012,34403.52564102564,108059.82142857143,158436.05148243232
2017-04-19,239273.48712690818,34378.30128205128,104488.39285714286,153446.56020336255
2017-04-20,232121.27192982458,34312.6282051282,103677.67857142857,149946.40988372092
2017-04-21,241968.76395534293,34328.78205128205,104423.31349206349,154603.52522316185
2017-04-22,248077.033492823,34243.717948717946,106751.56349206349,158237.21311956775
2017-04-23,233713.1354026091,34236.282051282054,107368.84803921568,152667.19582704877
2017-04-24,241961.80747922437,34318.369963369965,104331.25,154561.40981086437
2017-04-25,238679.9252134914,37154.444444444445,107370.4044117647,156741.47906483343
2017-04-26,232674.97607655506,36729.51388888888,106407.16911764706,153574.36913780664
2017-04-27,244451.6666666667,36751.196581196586,106488.05147058824,158937.75526556777
2017-04-28,240909.91228070174,37161.180555555555,107370.4044117647,157751.24503968254
2017-04-29,251617.19298245615,37212.430555555555,107368.84803921568,162601.70634920636
2017-04-30,260919.91228070174,36955.48611111112,100320.5787037037,162441.43410852714
2017-05-01,263149.56140350876,37183.94607843138,107703.40686274509,167950.0776143791
2017-05-02,264184.98474446987,37194.36274509804,107638.78676470589,168393.81575275038
2017-05-03,261960.21929824562,37181.180555555555,108878.34595959596,168598.1676706827
2017-05-04,255030.342273147,39030.98484848485,108021.02272727272,166892.53158186484
2017-05-05,251511.54970760233,38888.71212121212,104517.46323529411,163118.17436412314
2017-05-06,252157.77360066836,42486.33333333333,102457.08333333333,164517.06784746418
2017-05-07,242063.60255876844,38759.19191919192,103170.31862745096,158223.6005021403
2017-05-08,250676.81419457737,38746.666666666664,99416.96428571429,159899.11931818182
2017-05-09,251942.63509651323,41134.16666666667,106883.88480392157,166087.9741910671
2017-05-10,257216.09649122806,36794.90740740741,100772.91666666667,161680.03104575162
2017-05-11,250120.21940816953,35990.46296296296,102763.39285714286,159213.79580077645
2017-05-12,253649.90202779675,33519.10256410256,107437.20238095238,160869.14760142958
2017-05-13,246926.81951089847,33496.893939393936,103142.13235294117,156770.72073677956
2017-05-14,256961.88596491228,36503.030303030304,103444.82843137255,164857.94176706826
2017-05-15,249111.25996810207,36446.969696969696,100576.4880952381,159372.87653318903
2017-05-16,262095.64814814818,36493.82284382284,104890.77380952382,164732.3471701063
2017-05-17,279255.92592592596,35126.38888888889,107584.86519607843,172348.96849593494
2017-05-18,265017.36842105264,34824.722222222226,107887.5612745098,168532.54464285713
2017-05-19,280081.2661030596,34810.48611111111,107584.86519607843,172665.0832891481
2017-05-20,264053.8875598086,34806.319444444445,104599.57107843137,166763.2021103896
2017-05-21,264769.6697626419,34841.631944444445,103503.65196078431,166648.46667833798
2017-05-22,259245.48245614037,34204.097222222226,103505.20833333334,164058.98313492065
2017-05-23,259912.49237223493,34204.097222222226,107681.67892156863,166051.20190648723
2017-05-24,254306.40120036935,34174.097222222226,110793.24494949495,165420.5963326992
2017-05-25,257990.7894736842,34815.694444444445,107564.0318627451,165221.6121031746
2017-05-26,258066.83185235818,37617.12121212121,107564.0318627451,167198.85574766598
2017-05-27,260634.1666666667,37650.07575757575,107091.88725490196,168185.22088353414
2017-05-28,260911.62280701753,41602.40740740741,108824.97474747474,173503.59375
2017-05-29,259463.47117794486,41593.61111111111,114100.75520833333,175761.75406871608
2017-05-30,256877.80701754385,41675.0925925926,115769.07552083333,175203.07489451475
2017-05-31,254783.55263157896,39225.91666666667,119102.40885416667,173566.390625
2017-06-01,262322.5,35032.65151515152,119102.40885416667,174875.20061728396
2017-06-02,262503.4210526316,33681.73634336678,116096.27525252526,169573.4482832988
2017-06-03,261548.90350877194,33709.19871794872,116094.67171717172,169145.2628968254
2017-06-04,254635.1754385965,33708.23717948718,116094.67171717172,166017.4751984127
2017-06-05,262204.2543859649,33689.42307692308,116096.27525252526,169439.3005952381
2017-06-06,256057.75934401224,33689.42307692308,114681.67892156863,165498.05221653878
2017-06-07,259006.44736842104,33702.179487179485,114223.3455882353,166634.90686274512
2017-06-08,253730.21929824562,33730.594405594406,115578.59848484848,165408.80726911977
2017-06-09,266954.2543859649,31393.797619047622,115944.7601010101,169528.84607843138
2017-06-10,262956.44736842107,33701.08974358974,116041.64141414141,169759.92063492065
2017-06-11,250316.72456833784,33691.98717948718,113143.35784313724,162316.53568937458
2017-06-12,253203.1501547988,37899.621212121216,113299.32598039217,167358.94725962673
2017-06-13,243373.77192982458,38172.34848484849,117096.27525252526,165027.75914634147
2017-06-14,244898.42105263157,37899.621212121216,116496.52777777778,165456.35670731709
2017-06-15,248332.21804511276,37899.621212121216,109152.26715686276,163430.0867756741
2017-06-16,250055.90225563908,34824.65277777778,112429.60858585859,164219.24340218015
2017-06-17,248803.55263157896,37899.621212121216,111488.61111111111,165250.67073170733
2017-06-18,251017.36842105264,37899.621212121216,111488.61111111111,166276.58536585365
2017-06-19,253033.81578947368,40839.583333333336,111488.61111111111,169170.43209876542
2017-06-20,251423.07017543857,40635.41666666667,108240.50245098039,166348.8770325203
2017-06-21,249668.72807017542,37263.257575757576,108711.09068627452,163776.92269076305
2017-06-22,249813.42105263157,37528.40909090909,112369.00252525252,166023.1656504065
2017-06-23,255084.29824561405,38133.33333333333,112459.91161616163,168583.50101626018
2017-06-24,255257.98245614037,38133.33333333333,112518.91414141413,168687.7337398374
2017-06-25,249595.70175438595,38180.30303030303,112518.91414141413,166070.05081300813
2017-06-26,247138.41307814993,38179.545454545456,112518.91414141413,164931.205654102
2017-06-27,241634.29824561405,38181.0606060606,111581.12373737374,162003.3180894309
2017-06-28,237880.350877193,38181.0606060606,110314.0318627451,159158.09738955824
2017-06-29,244472.4561403509,38181.0606060606,112140.46717171717,163543.66361788617
2017-06-30,245045.26315789475,38256.4393939394,112581.12373737374,163996.55995934957
2017-07-01,245351.18421052632,38208.71212121213,110397.70202020202,163253.23170731709
2017-07-02,243581.44736842104,35096.875,110397.70202020202,160486.52610441766
2017-07-03,241405.6217750258,38188.63636363636,110397.70202020202,161422.10724533716
2017-07-04,247435.7456140351,35085.18518518519,112596.27525252526,163123.5860107095
2017-07-05,244495.61403508772,35078.47222222222,114914.45707070708,162698.21787148595
2017-07-06,246459.649122807,35120.13888888888,114914.45707070708,163603.43875502006
2017-07-07,247287.9772961816,38403.78787878787,110652.26715686276,163633.27575005905
2017-07-08,240817.98245614037,35519.444444444445,113973.45959595959,160704.1064257028
2017-07-09,243976.40350877194,38668.93939393939,105987.2619047619,159595.4265873016
2017-07-10,248757.8947368421,38661.36363636364,111532.5612745098,164700.9889558233
2017-07-11,243616.14035087722,38657.57575757575,109767.85539215687,161623.5391566265
2017-07-12,242157.80701754385,35533.333333333336,106933.63095238096,157306.75
2017-07-13,244226.49122807017,35467.36111111111,110019.91421568628,160082.04861111112
2017-07-14,247217.8173374613,38578.030303030304,118336.09068627452,166771.83705409875
2017-07-15,248891.03647276084,35481.25,115040.41666666666,164226.2922932331
2017-07-16,249051.53508771933,35484.722222222226,114461.98529411765,164065.26785714287
2017-07-17,244122.58771929826,38532.19696969697,115360.60049019607,164129.7941767068
2017-07-18,240002.5,38590.15151515151,115360.60049019607,162251.16967871485
2017-07-19,240997.5,35499.305555555555,118380.20833333334,162009.80654761905
2017-07-20,242083.94736842104,38457.57575757576,118378.65196078431,164422.86144578314
2017-07-21,240135.63909774437,38574.242424242424,112050.29761904762,160371.80201247166
2017-07-22,243823.13501144166,35305.555555555555,116182.57352941176,162370.87258454107
2017-07-23,243881.05263157896,38627.27272727273,116153.16176470589,164356.47590361445
2017-07-24,239232.5,38522.34848484849,112921.72619047618,160319.53869047618
2017-07-25,237834.2543859649,35471.875,115011.33578431372,159211.30456349207
2017-07-26,238638.2894736842,35499.65277777778,117115.50245098039,160430.68948412698
2017-07-27,236956.97368421053,35456.25,116919.42401960783,159584.52876984127
2017-07-28,237651.40350877194,35415.625,113750.29761904762,158082.36764705883
2017-07-29,238019.07894736843,38555.681818181816,117064.92647058824,162036.68674698795
2017-07-30,238379.51754385963,38506.4393939394,117564.92647058824,162400.0
2017-07-31,240415.0438596491,38552.27272727273,114236.0119047619,161406.0367063492
2017-08-01,243170.87719298247,38550.490196078434,119178.00245098039,165260.2507087172
2017-08-02,245361.31578947368,38262.61140819964,119242.95343137255,166251.55592960076
2017-08-03,249691.92982456143,38190.641711229946,115836.0119047619,166222.03343837537
2017-08-04,253515.4385964912,36965.27777777778,115855.05952380953,166259.96568627452
2017-08-05,247996.57894736843,37035.069444444445,118829.63235294117,165577.36111111112
2017-08-06,244301.7543859649,37038.194444444445,115605.92857142857,162048.61764705883
2017-08-07,248082.80701754385,37071.52777777778,118888.45588235294,165645.3869047619
2017-08-08,245779.51754385963,37126.38888888888,118890.01225490196,164611.88988095237
2017-08-09,243443.55263157896,35813.88888888888,118890.01225490196,163367.64384920636
2017-08-10,256379.81481481483,35813.88888888888,115521.72619047618,165092.77610441766
2017-08-11,243937.58771929826,37115.97222222222,115636.0119047619,161909.181372549
2017-08-12,240694.91228070174,37056.944444444445,114094.33823529411,160360.68452380953
2017-08-13,241347.36842105264,37081.25,113993.84803921569,160618.6408730159
2017-08-14,246405.3489702517,37081.25,114184.12990196078,162983.79378019326
2017-08-15,246618.55263157896,38665.90909090909,114184.12990196078,164808.31827309236
2017-08-16,245797.4218154081,38200.0,111313.39285714286,162577.03308316082
2017-08-17,244363.59649122806,41020.0,114301.77696078431,165637.52540650408
2017-08-18,246045.8333333333,35925.0,114301.77696078431,162703.59623015873
2017-08-19,242801.14035087722,35925.0,118417.86764705883,162901.79563492065
2017-08-20,243202.76315789475,35925.0,118417.86764705883,163083.48214285713
2017-08-21,240997.850877193,39100.0,115227.35714285714,162154.4742063492
2017-08-22,242874.649122807,39100.0,115378.86904761904,163066.63194444444
2017-08-23,245336.74185463658,33853.846153846156,115344.17517006803,160464.44559800663
2017-08-24,242054.07894736843,37126.38888888888,115333.63095238096,160944.10294117648
2017-08-25,255639.34210526315,34347.43589743589,115303.86904761904,165074.96608527133
2017-08-26,245756.62280701753,37091.666666666664,115322.25510204081,162589.77170868346
2017-08-27,247481.57496012756,37088.194444444445,115333.54761904762,163365.08645276295
2017-08-28,247153.42105263157,34321.794871794875,115338.53291316525,161335.60448016415
2017-08-29,243649.38596491228,34341.02564102564,111381.59013605442,158179.83319490586
2017-08-30,243975.02629848785,34405.1282051282,109216.96428571429,158446.97060123784
2017-08-31,239613.29059829062,34331.41025641026,108494.73379629629,155648.14867424243
2017-09-01,233710.04273504272,37098.61111111112,112237.03177609429,156326.53039010798
2017-09-02,235192.99145299144,34369.8717948718,107642.833994709,153346.32981601733
2017-09-03,248496.49572649575,37126.38888888888,110291.59109730848,162756.81033029995
2017-09-04,252495.0438596491,37287.5,107561.58162238325,161796.26284967983
2017-09-05,245711.84210526315,35822.04106280193,107430.49417789001,158539.67771113562
2017-09-06,241243.1623931624,31923.214285714286,107505.63123219373,154220.34896283492
2017-09-07,247963.02631578947,31385.14285714286,106644.52012108262,155695.33777680653
2017-09-08,253239.34210526315,34275.44871794872,104686.63194444444,159050.5124521073
2017-09-09,244559.01709401706,34163.14102564102,107098.19113756614,157243.83387445888
2017-09-10,246994.33110367894,31834.22619047619,109163.8446969697,157397.26391911297
2017-09-11,247885.88319088318,37032.291666666664,105447.2872574956,159862.52052545155
2017-09-12,238513.11965811966,37080.902777777774,105790.78804347826,155809.78010994502
2017-09-13,232611.02564102566,37115.625,107566.875,153903.7356321839
2017-09-14,238254.94983277595,34268.055555555555,105696.73611111111,153892.16211023278
2017-09-15,236541.53846153847,34280.23504273505,105709.4675925926,153139.81691919192
2017-09-16,242437.05128205128,37034.375,109050.20833333333,158911.091954023
2017-09-17,241757.5641025641,34240.0641025641,114840.35984848485,159180.8953168044
2017-09-18,247752.73504273503,36987.847222222226,112081.69691487706,162541.9761180334
2017-09-19,247160.76923076922,36993.75,112081.69691487706,162277.4263096043
2017-09-20,245672.11538461538,34301.92307692308,112073.0232699805,159792.79929226477
2017-09-21,243382.44518766255,37035.416666666664,111986.29023368606,160549.96334174182
2017-09-22,247035.0854700855,37031.944444444445,114907.44047619047,163959.44282945737
2017-09-23,247899.33481976963,36978.125,111758.54166666667,162472.63285024153
2017-09-24,245681.66666666666,36995.13888888888,111823.39673913043,161507.6890721306
2017-09-25,248533.84615384616,34217.6282051282,114679.46428571429,162660.11973180075
2017-09-26,250750.0854700855,34233.33333333333,114901.31802721089,163745.20457033388
2017-09-27,240949.4017094017,34331.08974358974,114803.35884353743,159326.99302134648
2017-09-28,235280.5982905983,34244.230769230766,111717.06285612535,155033.3249562937
2017-09-29,239720.43664065405,36893.055555555555,114693.15476190476,160535.74549207953
2017-09-30,241761.8376068376,34112.820512820515,117751.16666666667,160844.47318007663
2017-10-01,241390.04273504272,34173.717948717946,114481.45833333333,158861.39204545456
2017-10-02,242925.4700854701,34189.74358974359,114746.81712962962,159652.78882575757
2017-10-03,265730.8823529412,41346.66666666667,121566.48284313724,174122.78311965812
2017-10-04,231928.54700854703,35983.333333333336,118156.64682539683,158284.8368863049
2017-10-05,227610.68376068375,33228.57142857143,118238.60930735931,154564.82093098472
2017-10-06,231975.85470085472,26450.34013605442,116651.52391975309,152997.95456572142
2017-10-07,233476.92307692306,20813.732993197278,121145.45238095237,154966.85335497835
2017-10-08,235956.62393162394,20805.952380952378,121145.45238095237,156064.57386363635
2017-10-09,241795.42735042734,34372.43589743589,114018.4901506899,158881.01112225192
2017-10-10,237120.83168967784,31963.39285714286,110977.83564814815,153824.74178910977
2017-10-11,235652.83882783883,34373.833333333336,112933.63095238096,156206.86932129174
2017-10-12,243718.199023199,34381.57051282051,114485.18213937622,159925.4174498747
2017-10-13,244897.60073260075,37155.90277777778,114485.82175925927,162280.07868089766
2017-10-14,237942.6862026862,34393.91025641026,113423.78571428571,157433.5413245758
2017-10-15,223820.72039072038,32026.785714285714,113449.97619047618,149410.59388528139
2017-10-16,239804.22466422463,34387.36263736264,102398.62103174604,153247.16856060608
2017-10-17,234914.99389499388,37188.75,106811.32246376811,155190.0703271703
2017-10-18,240524.05372405372,37209.42460317461,115736.22835497835,161368.82770814456
2017-10-19,228890.03571428574,34357.56410256411,116882.67857142857,155603.9035443723
2017-10-20,241905.07936507935,37086.98412698413,116107.92824074073,161600.31403940887
2017-10-21,223766.22710622707,37096.50793650794,115957.15277777778,153408.0281882868
2017-10-22,231530.115995116,34320.544871794875,112250.25242504409,153600.5760732323
2017-10-23,238028.65557148165,37121.5625,118315.77380952382,161274.7488444316
2017-10-24,233843.62026862026,37121.770833333336,115751.94597069598,158333.49476105292
2017-10-25,232874.73137973138,34362.307692307695,112152.40575396825,154162.62648809524
2017-10-26,237490.67155067154,36848.083333333336,112366.69146825396,158040.3917624521
2017-10-27,238015.41514041513,34099.67948717949,112316.26157407409,156469.1186417749
2017-10-28,240131.91086691088,37119.86111111112,108400.67129629629,157620.77038861523
2017-10-29,243444.9877899878,37184.02777777778,111473.78571428571,160955.17857142855
2017-10-30,244114.64590964591,37231.319444444445,109551.89610566449,159897.87682314304
2017-10-31,235327.85103785104,35984.791666666664,111400.54187710438,156551.9907822063
2017-11-01,237264.68864468863,39090.90909090909,113089.53157349897,160487.72308488612
2017-11-02,232000.0305250305,37184.02777777778,111704.57175925927,155351.4265188834
2017-11-03,239404.43223443226,37198.61111111112,111704.57175925927,158672.65257252328
2017-11-04,244386.65445665448,37191.666666666664,107577.52314814815,159197.36042692937
2017-11-05,245031.78266178266,37195.13888888888,108253.2175925926,159766.63245758074
2017-11-06,248437.03907203907,37248.90151515151,112247.35714285714,163542.89351152725
2017-11-07,241909.43552174323,34566.36500754148,113289.32870370371,158661.89277021997
2017-11-08,239075.01751871317,35847.222222222226,114102.16911764705,159330.6946911698
2017-11-09,244582.80830280832,36142.36111111111,112781.92129629629,161294.10372194854
2017-11-10,245346.48351648354,36083.333333333336,108148.78571428571,160310.70182724253
2017-11-11,248097.51921281332,36583.333333333336,97932.11904761904,157470.0862321673
2017-11-12,247468.67305896716,36583.333333333336,97903.54761904762,157173.2839065859
2017-11-13,247897.86109315522,36083.333333333336,103703.54761904762,159658.61336395022
2017-11-14,240431.5107115107,36083.333333333336,95114.40972222222,152114.34100860823
2017-11-15,239154.8595848596,36095.13888888889,105660.01157407407,155907.37479474547
2017-11-16,243550.88522588523,36609.09090909091,101565.10416666667,156254.45246803004
2017-11-17,249994.19524919524,39818.181818181816,104546.7261904762,162904.8121339445
2017-11-18,253420.74452435435,39818.181818181816,100390.45238095238,161686.35863403333
2017-11-19,247134.304029304,36583.333333333336,106817.83333333333,160649.55841638983
2017-11-20,244604.8595848596,36583.333333333336,111219.34523809524,161293.79775747508
2017-11-21,242765.62881562882,36583.333333333336,111057.44047619047,160393.836517165
2017-11-22,237918.73422873422,36583.333333333336,101683.63095238096,154380.90370062753
2017-11-23,242331.5187100481,36166.666666666664,111484.82142857143,160312.7672057195
2017-11-24,246739.2612942613,38000.0,112098.09981684982,164285.46687136393
2017-11-25,248659.13308913307,38138.63636363636,112042.20238095238,165161.27380952382
2017-11-26,249281.99633699635,38109.625668449204,112040.69047619047,165442.68124897018
2017-11-27,256305.50061050063,38118.93939393939,111905.05952380953,168610.587535014
2017-11-28,257371.78266178266,38295.757575757576,111905.05952380953,169122.70518207282
2017-11-29,254900.62881562882,38137.5,115507.65931372548,170094.01714852607
2017-11-30,258732.86324786322,38212.68595041322,115132.65931372548,171731.32891414143
2017-12-01,255968.76068376066,38033.295454545456,120019.91421568628,172402.67857142858
2017-12-02,257599.95726495728,36143.59649122807,116617.83333333333,169322.62392900855
2017-12-03,251585.42735042734,36123.38888888889,111846.40476190476,164650.42441860464
2017-12-04,252406.92307692306,36117.44047619047,116619.34523809524,166964.60894241417
2017-12-05,244625.68376068378,36117.44047619047,116486.0119047619,163381.6438261351
2017-12-06,247209.0,36124.62121212121,117655.94362745096,166536.71555673008
2017-12-07,256956.28205128206,36109.32539682539,118225.79656862744,170285.69397759106
2017-12-08,260246.8376068376,36295.568181818184,114876.48809523809,169835.4717230444
2017-12-09,261192.39687848382,36151.73611111111,114874.97619047618,170243.58695652173
2017-12-10,262512.5213675214,36152.95138888889,120018.35784313724,173558.2107843137
2017-12-11,259321.41025641025,37581.86363636364,116508.63095238096,171820.44215686276
2017-12-12,257759.14529914528,36096.166666666664,122920.01262626261,173120.4890873016
2017-12-13,246964.29166666666,33415.29914529914,123235.60049019607,166700.93071519796
2017-12-14,254341.79166666666,36083.333333333336,120746.7261904762,170492.03544061302
2017-12-15,259150.7174988754,33408.13186813187,120876.48809523809,169791.50321925504
2017-12-16,259117.21322537115,33418.25174825174,120874.9761904762,169777.38799061396
2017-12-17,259615.58929374718,36119.77272727273,120680.92857142857,171886.9506416676
2017-12-18,256428.2816014395,36160.104166666664,116790.77380952382,168863.9687882497
2017-12-19,249182.65789473685,36110.125,124431.67892156861,170131.45231538147
2017-12-20,257636.87134502924,36622.34375,116874.10714285714,169510.46345879234
2017-12-21,261123.1868131868,36609.444444444445,115724.10714285714,170621.6438261351
2017-12-22,261267.6495726496,36609.444444444445,120461.09068627452,173228.57352941178
2017-12-23,258236.3492063492,36297.166666666664,120459.53431372548,171793.03277310924
2017-12-24,262332.1184371184,36613.63636363636,121189.26190476191,173394.65607067352
2017-12-25,261815.7081807082,36647.10144927536,121234.9761904762,173183.744222158
2017-12-26,263120.8363858364,36622.22222222222,121288.73299319728,173794.01093576965
2017-12-27,261396.52014652014,36622.22222222222,121295.53571428571,173014.82212070873
2017-12-28,260404.0415140415,39126.086956521736,119515.58583959899,173755.1774112391
2017-12-29,256573.42577030812,39136.36363636364,121413.98809523809,173754.96062960068
2017-12-30,256895.19047619047,39246.52406417112,121392.83333333334,173910.09942349035
2017-12-31,257167.56547619047,39323.63636363636,121392.83333333334,174046.64867109634
2018-01-01,261968.10134310133,41333.33333333333,121381.74310776942,177124.40826769304
2018-01-02,262637.50305250305,41355.05882352941,121383.25501253134,177438.41824668465
2018-01-03,256711.7738095238,41398.84210526316,121416.96428571429,175671.2132168657
2018-01-04,263133.2683982684,36123.24561403509,120376.48809523809,173358.76160737468
2018-01-05,262631.9871794872,36138.49206349206,120558.69360902256,173207.71722183365
2018-01-06,254622.7564102564,36299.166666666664,120560.69047619049,169598.85658914727
2018-01-07,254898.65384615384,36382.5,117355.30092592591,167844.00383141762
2018-01-08,255451.47435897434,36159.895833333336,120522.3787878788,169939.6454369274
2018-01-09,262837.7136752137,36157.5,120889.58333333334,173438.3284883721
2018-01-10,259040.1495726496,36142.85714285714,121415.7738095238,171928.28142303432
2018-01-11,248859.375,36489.912280701756,121384.82142857143,168284.1689352692
2018-01-12,245497.95833333334,36142.85714285714,121384.82142857143,166690.8203338807
2018-01-13,253072.43640350876,36124.555555555555,121447.59523809522,170196.06846138334
2018-01-14,253289.875,36160.256410256414,121390.45238095237,170277.97597995875
2018-01-15,251797.54166666666,36176.666666666664,121412.20238095237,169602.8591954023
2018-01-16,243489.08333333334,36156.43939393939,121407.85455486544,165778.3392584011
2018-01-17,246331.30147058825,36169.29824561404,121338.1764069264,167058.84841394622
2018-01-18,247015.125,36697.77777777778,121327.32843137256,167441.77963714223
2018-01-19,243154.45833333334,36905.17361111111,121333.97108843537,165698.0391351943
2018-01-20,243347.66666666666,36987.118055555555,121341.04761904763,165801.02011494254
2018-01-21,246318.75181159418,36772.04861111112,121274.18253968254,167110.4717779999
2018-01-22,240198.41666666666,32988.75,118782.10034013605,161297.31737012987
2018-01-23,231679.875,33028.78205128205,117271.38605442176,156830.31452922078
2018-01-24,225906.625,38913.90151515151,117383.63095238096,157822.61627906977
2018-01-25,238034.57264957266,38473.48484848485,117392.20238095238,162532.75
2018-01-26,245351.41025641025,38971.59090909091,117334.65136054422,165930.6505602241
2018-01-27,246966.96581196578,39070.833333333336,121911.74019607843,169124.88095238095
2018-01-28,246619.6581196581,39107.46212121212,124671.54411764706,170085.49107142858
2018-01-29,247556.70940170938,39125.568181818184,124850.79656862744,170595.47619047618
2018-01-30,247694.5299145299,39171.818181818184,121438.73299319728,168721.55672268907
2018-01-31,232045.4700854701,39232.083333333336,121376.06792717087,161523.39561707035
2018-02-01,246220.70175438595,39252.38636363636,121620.53571428571,167200.97222222222
2018-02-02,250435.96491228067,39166.780303030304,124396.21598639456,170253.2001133787
2018-02-03,238822.41228070174,39136.51515151515,116824.97619047618,161840.80357142858
2018-02-04,247878.3333333333,38610.0,120788.78571428571,167520.16865079364
2018-02-05,254896.62280701753,38260.454545454544,124780.94362745096,172885.406626506
2018-02-06,253036.27192982458,38226.62878787879,124791.97303921568,172033.71485943775
2018-02-07,239753.4188034188,38252.85123966942,122821.38480392157,166036.80690836938
2018-02-08,239371.36752136753,38188.45730027548,120983.14950980392,165106.9457972583
2018-02-09,237095.4700854701,38207.12121212121,122821.38480392157,164796.77083333334
2018-02-10,226513.29059829062,38327.12121212121,123558.79901960785,160197.80753968254
2018-02-11,219938.92937471883,38305.643939393936,120171.40476190478,155352.6999484004
2018-02-12,232949.4849302744,35177.5,116816.96428571429,158090.15886372907
2018-02-13,235557.69005847952,35920.3125,110280.05952380953,156716.2296001632
2018-02-14,230343.3738191633,39367.61363636364,109912.20238095238,156039.55779153766
2018-02-15,230787.094017094,39023.86363636364,113862.20238095238,157825.13235294117
2018-02-16,240839.4017094017,36082.465277777774,110819.34523809524,159353.52713178296
2018-02-17,239863.58974358975,35905.0,110817.83333333333,158885.62984496122
2018-02-18,242228.125,36026.944444444445,115282.11904761904,162716.35057471265
2018-02-19,225911.41025641025,39262.42424242425,120743.15476190478,158452.25980392157
2018-02-20,230785.64102564103,36150.972222222226,120743.15476190478,158842.5823643411
2018-02-21,223832.05128205128,38633.67424242424,117491.95601851853,155629.42829457365
2018-02-22,237085.0854700855,35331.284722222226,121200.29761904763,161770.97868217053
2018-02-23,239181.5409753645,38320.530303030304,120943.15476190478,164501.36880046135
2018-02-24,247621.0606060606,38360.530303030304,120713.07142857143,168284.05525846704
2018-02-25,251414.43319838055,38890.1893939394,120713.07142857143,170093.08797729618
2018-02-26,248739.1731698253,39304.96212121212,117699.7843013468,167097.37874191868
2018-02-27,248028.84615384616,39238.86363636364,121514.58333333334,168914.85784313726
2018-02-28,243623.37606837606,39151.36363636364,120275.29761904763,166371.90686274512
2018-03-01,233876.66666666666,39158.333333333336,120803.86904761905,162118.43627450982
2018-03-02,239183.84615384616,39158.81461675579,121286.01190476191,164752.08679354095
2018-03-03,241202.73504273503,39194.431818181816,121284.5,165682.38725490196
2018-03-04,240736.23931623934,39233.0,121227.35714285714,165449.80980392158
2018-03-05,242518.03418803422,39288.88888888888,119093.15476190476,165395.78267973856
2018-03-06,234138.1623931624,39150.393939393936,120343.15476190478,162047.68333333335
2018-03-07,241423.13797313796,38911.90476190476,120814.58333333334,165553.45588235295
2018-03-08,234393.03418803422,38820.0,118291.95601851853,160777.4273255814
2018-03-09,236254.01709401706,38875.96590909091,118103.29861111111,161549.54699612403
2018-03-10,235797.690449647,39105.22727272727,115031.509009009,159568.1984007996
2018-03-11,235765.65677013047,38998.333333333336,114933.21428571428,159498.5196468182
2018-03-12,248480.89335180054,38954.05303030303,115145.5518018018,164315.7435740514
2018-03-13,239826.9459833795,37367.708333333336,115147.80405405405,158877.07123411976
2018-03-14,237668.13481071102,37172.22222222222,121477.67857142857,161519.7004643963
2018-03-15,227128.461764459,37503.194444444445,119677.67857142857,156113.39565156205
2018-03-16,237118.79270544785,37560.9477124183,118906.25,160270.16759242397
2018-03-17,236235.8979686057,37668.26388888888,116842.83333333333,159040.9700722394
2018-03-18,246495.1922269789,37645.34722222222,116642.83333333333,163541.88985833566
2018-03-19,241809.31503399648,37695.13888888888,116642.83333333333,161454.05652500235
2018-03-20,247528.52556031226,37696.21527777778,120652.67857142857,165662.14476029648
2018-03-21,249117.04836415363,37670.59027777778,120701.48809523809,165403.92804928988
2018-03-22,244261.33656509695,34883.52564102564,118426.4880952381,161399.34542023664
2018-03-23,245828.7049861496,37551.64855072464,118102.67857142857,163831.81555391036
2018-03-24,251590.94182825484,37488.29365079365,115602.35714285714,165369.386038626
2018-03-25,239759.8891966759,37476.319444444445,115445.21428571429,160013.8132094943
2018-03-26,252334.8891966759,37534.756944444445,117291.96428571429,166404.25438596492
2018-03-27,250946.16112650043,37534.756944444445,120338.39285714286,167037.82301341588
2018-03-28,252481.8638343571,37487.569444444445,113845.53571428571,165044.1812828106
2018-03-29,256882.91551246538,37398.15972222222,115759.5,167787.1906604747
2018-03-30,253238.95186684662,37429.40972222222,113539.32870370371,165665.37784835653
2018-03-31,225128.1191350469,37541.493055555555,116702.35714285714,157950.99488304093
2018-04-01,233091.6850265198,37655.48611111112,116704.7380952381,161771.93469785573
2018-04-02,227661.36790178405,39667.42424242424,116821.72619047618,160837.53823719156
2018-04-03,217577.3439412485,36498.958333333336,117448.20601851853,154087.34841912473
2018-04-04,216529.58646616543,37665.625,121202.67857142857,155609.48297827903
2018-04-05,215378.29545454544,37151.875,117016.96428571429,154044.6291208791
2018-04-06,220992.77029783765,37650.34722222222,116063.39285714286,155741.24488304093
2018-04-07,217525.942513369,37667.708333333336,116084.5,154792.43374272785
2018-04-08,224034.11080711352,37638.03571428572,117313.07142857143,157678.6743697479
2018-04-09,219029.16467304624,37431.13247863248,120637.20238095237,157239.10899660393
2018-04-10,216513.43434343438,37326.98412698413,108200.29761904762,151225.5531571603
2018-04-11,217984.92424242423,37358.694444444445,108267.95343137255,152452.7935185185
2018-04-12,224408.52713178293,37494.194444444445,104771.72619047618,152961.1935185185
2018-04-13,225032.4112607099,37817.32638888888,105714.58333333333,153669.022417154
2018-04-14,226191.1328400282,37663.97222222222,105802.35714285714,154236.32087542088
2018-04-15,227315.4715762274,34816.394230769234,105802.35714285714,153079.79014041513
2018-04-16,226155.05813953487,35009.35897435897,105831.25,152570.14194139192
2018-04-17,210748.04263565893,37828.125,106887.20238095238,147301.72685185185
2018-04-18,211471.1531007752,37945.069444444445,107580.05952380953,147932.25
2018-04-19,205418.4375,37697.8125,107122.91666666667,145495.46245421245
2018-04-20,221146.6957364341,37593.819444444445,107122.91666666667,152330.39814814815
2018-04-21,228074.4122851365,37559.618055555555,104267.83333333333,154525.43679549114
2018-04-22,231312.74224806202,37577.708333333336,100679.375,154086.13095238095
2018-04-23,225804.17635658916,37582.84722222222,99894.34523809524,151743.06481481483
2018-04-24,223549.9612403101,37480.13888888888,98358.63095238096,150055.13425925927
2018-04-25,207753.3624031008,37378.78472222222,105706.25,145351.76388888888
2018-04-26,218460.221987315,38599.242424242424,104757.23379629629,150996.0180976431
2018-04-27,217987.203765227,38659.01515151515,107725.29761904762,152461.62185660782
2018-04-28,224547.33063700708,39070.530303030304,100648.125,152318.2616747182
2018-04-29,224190.27131782944,39177.61363636364,103180.92857142857,153735.59456928837
2018-04-30,221658.52713178293,37181.979166666664,107325.29761904762,152598.7314814815
2018-05-01,215002.1590909091,37252.430555555555,111580.92857142857,151785.23809523808
2018-05-02,215084.11067193674,37337.5,111544.34523809524,151822.01047141265
2018-05-03,217890.61553030304,37384.54861111112,111668.15476190476,153232.8250915751
2018-05-04,225414.85795454544,34637.17948717949,101784.82142857143,151423.97644927536
2018-05-05,226264.66856060605,33360.267857142855,101783.30952380953,150377.47311827957
2018-05-06,217183.68371212122,33321.04166666667,110383.30952380953,149311.74731182796
2018-05-07,220201.0321969697,33169.30451127819,111863.39285714286,151273.4884927372
2018-05-08,219709.32765151514,33134.28571428572,111862.20238095238,151035.13440860214
2018-05-09,218753.00588118023,33305.119047619046,111862.20238095238,150608.3979437842
2018-05-10,224358.44610881543,33331.279761904756,113662.20238095238,153941.79170739654
2018-05-11,227236.389553429,35849.39102564103,116438.39285714286,158041.16275743707
2018-05-12,217410.0505050505,35691.18589743589,112703.54761904762,151898.38919082127
2018-05-13,213463.78787878787,35900.480769230766,116148.78571428571,151351.30887681158
2018-05-14,214117.68939393942,35961.346153846156,114634.5,151096.5579710145
2018-05-15,228588.10606060605,35961.85897435897,114512.20238095238,157970.73822463767
2018-05-16,228535.04901960783,35899.64743589743,110721.7261904762,156494.54337169652
2018-05-17,227765.26859504133,37433.48484848485,109571.7261904762,157207.51706626706
2018-05-18,227342.45543672013,39395.07575757575,109572.91666666667,158571.84395424838
2018-05-19,224656.25,39161.21212121213,116952.35714285714,160099.78703703705
2018-05-20,225051.51515151514,38885.833333333336,116809.5,160203.81481481483
2018-05-21,229819.69696969696,38391.55303030303,116809.82142857143,162474.63888888888
2018-05-22,229028.14393939395,38617.954545454544,116809.82142857143,162115.3287037037
2018-05-23,213604.81060606058,36372.32638888889,117689.58333333333,153343.02197802198
2018-05-24,216964.38076416336,36709.479166666664,120752.67857142857,156190.00278706802
2018-05-25,227379.2424242424,39462.38636363636,120753.86904761905,162946.2037037037
2018-05-26,220443.97727272726,41882.41666666667,120752.35714285714,161176.3108614232
2018-05-27,231561.85606060605,41896.66666666667,120752.35714285714,166674.39138576778
2018-05-28,229282.45670995672,38876.47727272727,117400.52083333333,162005.3636839351
2018-05-29,224387.9166666667,41840.583333333336,119843.15476190478,162763.87172284644
2018-05-30,225397.95454545456,38320.74866310161,115068.15476190476,159626.92946623094
2018-05-31,212750.43209876542,35938.71527777778,106843.15476190476,149397.22222222222
2018-06-01,231923.26704545456,34195.769230769234,110925.29761904762,157951.67572463767
2018-06-02,233985.53977272726,34141.25,112132.11904761904,159389.39311594202
2018-06-03,226876.12037037036,34587.27564102564,115036.88095238096,157906.9982078853
2018-06-04,229920.57765151514,34968.68589743589,115913.07142857143,159000.60688405798
2018-06-05,231563.3428030303,34874.03846153846,116611.0119047619,160038.4239130435
2018-06-06,233081.78977272726,34878.6217948718,119506.25,161866.73460144928
2018-06-07,230833.45643939395,33298.66071428572,116608.63095238096,158109.19802867383
2018-06-08,234952.92613636365,33022.63655462185,115922.91666666667,159758.57790427998
2018-06-09,234969.74431818182,33254.255952380954,113673.78571428571,158954.95519713263
2018-06-10,232999.63068181818,33552.1130952381,119189.2619047619,160143.41397849462
2018-06-11,232874.17613636365,33505.44642857143,126579.73809523809,162858.39605734768
2018-06-12,233454.10037878787,33568.06547619047,126457.44047619049,163096.1693548387
2018-06-13,230256.5625,33663.54166666667,126581.25,161644.32347670253
2018-06-14,226237.2821969697,31346.36111111111,126581.25,158031.69769503546
2018-06-15,233647.27272727274,31245.722222222226,126581.25,161484.1445035461
2018-06-16,233558.7574110672,31668.19444444444,122865.45238095237,160126.5859158187
2018-06-17,233553.23863636365,31627.13888888889,122865.45238095237,160117.45124113475
2018-06-18,228160.51136363635,31269.05555555556,121788.39285714286,157135.02216312056
2018-06-19,233123.8446969697,31621.44444444444,121474.10714285714,159397.49556737588
2018-06-20,222623.35227272726,31808.36111111111,121521.7261904762,154529.9290780142
2018-06-21,224279.14772727274,31677.083333333332,116583.63095238096,153445.38120567377
2018-06-22,224797.8409090909,31038.44444444444,112588.39285714286,152098.67464539007
2018-06-23,223457.0075757576,31033.19191919192,112672.59523809524,151501.56431334623
2018-06-24,226182.57575757577,31246.04444444444,115158.30952380953,153736.85992907803
2018-06-25,233472.3484848485,31476.19444444444,114047.91666666667,156772.37588652482
2018-06-26,226779.70370370368,31606.166666666668,111466.96428571429,153479.1885964912
2018-06-27,233626.3365800866,31350.30555555556,113524.10714285714,156629.33130699088
2018-06-28,229856.7803030303,31337.30555555556,113524.10714285714,154862.78368794327
2018-06-29,233541.7424242424,31480.13888888889,115352.67857142857,157291.30319148937
2018-06-30,218013.2196969697,31313.222222222226,107565.45238095238,147096.49822695035
2018-07-01,229134.81060606058,31427.416666666668,115779.7380952381,155379.08244680852
2018-07-02,230423.2196969697,33629.85119047619,119922.59523809522,159212.15501792115
2018-07-03,230048.06818181818,31412.083333333332,119926.48809523809,157348.12056737588
2018-07-04,218138.52272727274,31498.722222222226,115783.63095238096,150244.7118794326
2018-07-05,222238.39015151514,31389.833333333332,115783.63095238096,152146.42287234042
2018-07-06,226837.9166666667,31626.527777777774,120555.05952380951,156113.75886524824
2018-07-07,224557.6515151515,31761.916666666668,123410.69047619049,156131.27216312056
2018-07-08,227481.4583333333,31761.916666666668,124696.40476190478,157978.5859929078
2018-07-09,221349.10984848486,31755.333333333332,118153.86904761904,152671.0239361702
2018-07-10,230231.99612403102,31696.722222222226,118152.67857142857,156029.7894265233
2018-07-11,228340.17441860464,31792.666666666668,118152.67857142857,155170.55107526883
2018-07-12,227664.33712121213,32018.69444444444,114898.4375,154040.57894736843
2018-07-13,226650.4924242424,31584.527777777774,118152.67857142857,155124.82269503546
2018-07-14,224534.33712121213,31738.69444444444,116079.7380952381,153387.0434397163
2018-07-15,229281.00378787878,31847.277777777774,116379.7380952381,155737.91666666666
2018-07-16,226351.7803030303,31867.19444444444,112095.53571428571,152774.78723404257
2018-07-17,222342.04545454544,31867.19444444444,112095.53571428571,150897.89007092197
2018-07-18,221188.18181818182,31759.80555555556,111188.39285714286,150002.88120567377
2018-07-19,227103.61434108525,31841.277777777774,109009.54861111111,150717.21631205676
2018-07-20,226918.49806201548,31892.333333333332,107409.31327160494,150027.82653664303
2018-07-21,222577.86931818182,31832.44444444444,110351.16666666667,150353.23138297873
2018-07-22,221155.9375,31973.833333333332,110351.16666666667,149710.20833333334
2018-07-23,221744.26136363635,31802.722222222226,107294.27083333333,148382.96929824562
2018-07-24,219725.22727272726,31460.09920634921,104421.4527027027,145868.80456349207
2018-07-25,213955.81095041323,31771.472222222226,106152.17342342342,143940.1893939394
2018-07-26,218510.5208333333,31436.88888888889,113650.38194444444,149236.1052631579
2018-07-27,217552.7178030303,31728.11111111111,109527.02724358975,147275.93927125505
2018-07-28,215190.84415584418,31692.05555555556,109517.0316951567,146172.53807595914
2018-07-29,215704.91477272726,31790.166666666668,112694.02380952382,148001.69769503546
2018-07-30,217942.11174242423,31699.38888888889,107816.49305555556,146803.55263157896
2018-07-31,218294.61174242423,31593.11111111111,107824.5949074074,146953.1052631579
2018-08-01,212774.49810606058,31773.472222222226,106572.04861111111,143950.25
2018-08-02,216274.45736434107,31795.38888888889,113752.67857142857,147936.30376344087
2018-08-03,220635.322997416,31800.69444444444,109066.96428571429,148190.0328554361
2018-08-04,215457.53787878787,31714.277777777774,110808.30952380953,147171.66666666666
2018-08-05,215925.1515151515,31713.5,114951.16666666667,148932.97872340426
2018-08-06,222377.4031007752,31785.333333333332,113424.4050925926,150237.09485815602
2018-08-07,217912.76515151514,31735.36111111111,113406.53108465608,148913.97055137844
2018-08-08,222890.0,31768.472222222226,110415.39864864865,148907.0192982456
2018-08-09,216608.75968992247,31730.972222222226,116637.20238095238,149166.05734767026
2018-08-10,220965.22286821707,32075.75,115351.4880952381,150752.07437275985
2018-08-11,213702.98295454544,32233.38888888889,116823.3101851852,148337.59210526315
2018-08-12,217087.07386363635,33839.58333333333,112348.69212962962,149682.32269503546
2018-08-13,217745.33914728684,32069.527777777774,107483.87941919192,145888.42722437138
2018-08-14,210925.7859848485,32182.11111111111,107480.70138888889,143502.85789473684
2018-08-15,216302.56628787878,32156.56642512077,107541.43518518518,146012.13768115942
2018-08-16,215131.2784090909,32142.833333333332,107537.37268518518,145465.9385964912
2018-08-17,217003.24810606058,32038.722222222226,107537.37268518518,146316.51754385963
2018-08-18,218680.06628787878,31717.45707070707,109826.71296296296,147909.9625199362
2018-08-19,218200.36931818182,18842.611111111113,112402.26851851851,146630.9166666667
2018-08-20,219589.1950757576,32011.63888888889,105444.53703703704,146716.86842105264
2018-08-21,217145.86174242423,32069.55555555556,104623.3449074074,145283.1754385965
2018-08-22,215674.3465909091,32121.94191919192,104623.76157407409,144610.0610047847
2018-08-23,212611.6950757576,32008.472222222226,104619.34027777778,143171.97807017542
2018-08-24,216225.5208333333,32086.11835748792,104624.32870370371,144859.90026697176
2018-08-25,214941.2784090909,32104.36111111111,104797.30324074073,144333.52192982458
2018-08-26,225009.38446969696,32082.899758454107,106233.0324074074,149537.32189168574
2018-08-27,219796.20265151514,31999.416666666668,101426.09953703704,145288.0394736842
2018-08-28,216537.11174242423,32105.777777777774,97492.08333333333,142304.5745614035
2018-08-29,218850.06628787878,32137.972222222223,97015.68693693695,142719.30121527778
2018-08-30,226768.7112403101,32015.63888888889,101387.19594594595,147185.42543859652
2018-08-31,226551.73295454544,32121.416666666668,103532.66891891892,148758.3984375
2018-09-01,233507.65873015873,32128.083333333332,102014.81981981981,149614.8005319149
2018-09-02,216289.28294573643,31829.777777777774,101533.29954954956,142469.66228070174
2018-09-03,229082.65503875967,31699.111111111113,103843.22916666667,149621.24556737588
2018-09-04,226681.13095238095,31754.175925925923,103883.75,147706.82945041815
2018-09-05,210513.5728609626,31914.0,105095.58564814815,142365.77146542826
2018-09-06,218069.07196969696,31511.416666666668,102206.42361111111,144706.75438596492
2018-09-07,227628.06818181818,31655.305555555555,103873.73842592593,149788.62280701753
2018-09-08,231993.78787878787,31883.40404040404,107631.40476190476,153756.137169568
2018-09-09,230182.53787878787,31952.94444444444,105179.83796296296,151513.68421052632
2018-09-10,229256.0984848485,33836.845238095244,100092.41898148149,150684.16223404257
2018-09-11,218953.69318181818,31784.63888888889,100086.86342592593,144356.41228070174
2018-09-12,217522.0265151515,31986.11111111111,102290.05952380953,145009.7118794326
2018-09-13,216100.7747933884,31783.63888888889,109286.4880952381,146917.1889103804
2018-09-14,217201.98691460054,31764.19444444444,107834.08564814815,146477.65709728867
2018-09-15,226349.86434108525,21301.722222222226,101456.40476190476,146274.66845878135
2018-09-16,225541.72480620153,21300.277777777774,99856.40476190476,145298.62903225806
2018-09-17,227399.31150550794,21082.177777777775,98915.05952380951,145768.06607243916
2018-09-18,220629.74806201548,20947.777777777774,99229.34523809522,142734.65501792115
2018-09-19,218591.78940568474,22058.0,112086.48809523809,148166.15247584542
2018-09-20,212301.10465116278,31804.722222222223,108646.58564814815,145005.27628434886
2018-09-21,216173.125,33736.899585921325,106062.5518018018,146402.61590389014
2018-09-22,213361.76136363635,33725.0,108979.48611111111,146631.1595744681
2018-09-23,213000.89015151514,31593.55555555556,104432.56944444444,143215.94736842104
2018-09-24,218820.18033596838,31785.62077294686,94279.90990990991,141596.13451086957
2018-09-25,220347.85984848486,31890.888888888887,96818.69212962962,143780.44298245615
2018-09-26,216361.0416666667,31729.38888888889,98827.97453703704,142669.82894736843
2018-09-27,220513.88257575754,33756.45833333333,98784.69907407409,146079.25975177303
2018-09-28,225506.95075757577,33887.5,106368.50694444444,151340.3945035461
2018-09-29,215333.76893939395,33887.5,103605.65315315315,145079.15789473685
2018-09-30,229628.23863636365,33818.095238095244,103723.7244062244,151735.51196172248
2018-10-01,220675.2083333333,33585.77380952381,94752.39288124157,143546.88468215812
2018-10-02,214520.9496124031,33567.39495798319,93829.50657894737,139577.53276573788
2018-10-03,211454.32170542638,33560.844155844155,95857.68640350878,138999.78668261564
2018-10-04,210755.0387596899,33566.72619047619,97262.39288124157,139246.01855600538
2018-10-05,213284.20454545456,31528.571428571428,100979.91898148149,142028.53320802006
2018-10-06,214925.64393939395,31479.428571428572,95826.29385964911,139900.19513991164
2018-10-07,219630.7196969697,33088.037361189534,102527.06018518518,146999.5569828722
2018-10-08,225515.64393939395,31413.44444444444,98599.83108108108,146271.70572916666
2018-10-09,227692.1590909091,31253.26086956522,93323.12580437581,145210.51633130608
2018-10-10,225817.83549783548,31447.777777777774,96512.32638888889,146127.8439849624
2018-10-11,221480.21645021645,31465.43055555556,94325.6519905533,142283.3583276689
2018-10-12,230957.94913419912,31247.644444444442,99843.84483167378,149219.65299315998
2018-10-13,233270.90240641712,31058.13157894737,101121.05855855855,150742.4046482628
2018-10-14,231616.4015151515,31439.9898989899,101286.05855855855,150107.35085227274
2018-10-15,206185.94696969696,31346.86111111111,106992.13963963963,140636.39322916666
2018-10-16,206228.4090909091,31389.40740740741,109900.05787037038,142118.87573099416
2018-10-17,205692.31060606058,31178.611916264093,106987.21846846848,140381.95759108293
2018-10-18,203881.17424242423,31036.870945479644,109903.5300925926,140977.3875177073
2018-10-19,202158.81944444447,31135.96052631579,104180.38377192983,137328.68089467657
2018-10-20,204495.59974747474,31444.11111111111,102465.23245614035,137764.40091638028
2018-10-21,204118.78156565654,32967.857142857145,100400.63280736358,137715.47493171203
2018-10-22,202137.41792929292,31283.619047619046,99663.74178172255,135205.98575602402
2018-10-23,198037.25304515744,31516.11111111111,98231.04947403024,132830.52785857933
2018-10-24,194704.73850345562,31500.10101010101,101412.42324561405,132919.4030168752
2018-10-25,186919.50126262626,31393.700043917437,103183.25657894737,130065.22996097234
2018-10-26,199708.86994949495,31395.071895424837,101347.4451754386,135147.6213698538
2018-10-27,188423.5020661157,33172.73182957393,102080.76923076923,131301.05501570232
2018-10-28,187478.48484848483,33130.119047619046,104709.375,132206.57552083334
2018-10-29,196925.61639118457,33120.733695652176,104527.65350877194,136463.21069046442
2018-10-30,197543.45730027548,33174.24560041408,104138.95833333333,136600.33308629776
2018-10-31,199271.4015151515,32942.44047619047,101834.7668764302,136446.4268191425
2018-11-01,200635.1515151515,33100.17857142857,100966.34582379862,136750.73237469807
2018-11-02,203595.37878787878,33126.59420289855,101861.08266590389,138465.52215428744
2018-11-03,204637.7571770335,33272.97619047619,102749.97747747747,139701.39104339795
2018-11-04,207368.06818181818,33317.720588235294,95386.23873873874,138104.56759545923
2018-11-05,204421.93181818182,33123.528138528134,95332.18468468469,136690.3708133971
2018-11-06,208620.39772727274,33505.705128205125,97108.38963963963,140509.38386524824
2018-11-07,204672.74621212122,32179.978354978353,101861.15131578948,138821.2945864899
2018-11-08,205999.48863636365,32120.51020408163,101863.97587719299,139421.8304811508
2018-11-09,207661.1174242424,32147.664835164836,101858.41852226721,140185.1706063034
2018-11-10,204104.9053030303,15388.659147869676,101962.2891363023,136152.3338394062
2018-11-11,205715.5303030303,9876.309523809525,101850.93201754386,136042.57378472222
2018-11-12,206862.5,11677.034161490683,101915.625,136856.48154438406
2018-11-13,219340.87121212122,32195.425170068025,101917.01754385965,145568.5515873016
2018-11-14,222768.29545454544,32196.785714285714,99811.7543859649,146306.31944444444
2018-11-15,234785.98484848486,32383.209109730848,101039.82456140351,152327.72493961352
2018-11-16,233877.48106060605,31090.6167105841,97175.74013157895,148965.42827139617
2018-11-17,232007.55681818182,31032.027777777774,90779.18376068375,145042.8681972789
2018-11-18,229691.59914361,32529.553571428572,91991.79059829061,145871.3808830121
2018-11-19,227777.62187088272,30982.027777777774,96556.18162393162,145435.07002366162
2018-11-20,224040.50065876154,31116.113526570047,100564.23903508772,145834.68881667414
2018-11-21,224448.4173254282,31169.75,93191.65792540793,142630.1150143852
2018-11-22,226367.50823451907,31076.69444444444,95075.20493395494,144227.0793000995
2018-11-23,229360.2600170503,33106.875,101525.43803418803,149637.5234441603
2018-11-24,233263.35227272726,34499.71153846154,104050.57186234818,154379.00506072876
2018-11-25,232085.32196969696,32030.952380952378,99116.58284023669,149749.8374306106
2018-11-26,221716.49621212122,32174.1369047619,105202.18370445345,147954.6534455128
2018-11-27,213578.18281499203,32259.73214285714,103836.31993006993,143285.4924859008
2018-11-28,211685.6914540138,32483.3630952381,103528.2026627219,142335.43722841336
2018-11-29,219391.68725296445,34008.8141025641,99328.96117424242,145036.15741683985
2018-11-30,230978.08712121213,31072.73150762281,105376.97667464115,152108.11654246267
2018-12-01,230675.27634646057,30389.63888888889,100069.30492424242,147558.8781772454
2018-12-02,216284.39393939395,30368.771739130436,103096.722999223,142783.8480243876
2018-12-03,230582.65948963317,29557.5,101943.1653069153,147417.5804496319
2018-12-04,239498.24979114454,29584.010416666664,105712.39607614608,151083.0320089117
2018-12-05,227465.05165289258,29638.802083333336,105149.36188811189,147308.16383532292
2018-12-06,223298.34710743802,29663.645833333336,107725.0548245614,146870.38458565244
2018-12-07,221263.78787878787,29826.953125,108580.31798245614,146315.20408163266
2018-12-08,221794.0909090909,29634.65625,115392.52192982455,149163.37074829932
2018-12-09,230621.5909090909,29843.76644736842,115478.04824561403,153194.0418009309
2018-12-10,229783.56060606058,29813.828125,113689.96710526316,152119.55782312923
2018-12-11,230290.5303030303,29971.083559782608,113689.96710526316,152372.8512274475
2018-12-12,225089.0909090909,30088.59375,113584.70394736843,150015.88010204083
2018-12-13,224811.06060606058,30084.635416666664,107544.07051282052,147144.0361952862
2018-12-14,221401.55303030304,30060.729166666664,110048.5197368421,146984.5280612245
2018-12-15,216439.2424242424,29568.697916666664,108090.18009768009,143554.97835497835
2018-12-16,225293.52272727274,29593.697916666664,107468.1798245614,147655.1530612245
2018-12-17,229885.60606060605,29785.78125,111101.15131578948,151156.96853741497
2018-12-18,223467.42424242423,29776.484375,111101.15131578948,148273.8180272109
2018-12-19,217552.42424242423,29799.973958333336,108153.04487179487,144111.8686868687
2018-12-20,222777.29743083005,30120.052083333336,108402.25764732345,146583.93907611584
2018-12-21,225642.61363636365,30045.00744047619,112070.77991452992,149290.45995670996
2018-12-22,222063.20075757577,30131.432291666664,116882.65350877192,149943.10799319728
2018-12-23,218178.92045454544,29624.6875,116880.46052631579,148115.5612244898
2018-12-24,217887.95155502393,29809.583333333336,113923.34401709403,146535.69311536418
2018-12-25,216126.5879186603,30038.541666666664,113921.98717948717,145789.33368775476
2018-12-26,213638.20075757577,29922.291666666664,111273.79450757576,143297.89280303032
2018-12-27,210250.5412679426,29966.770833333336,109228.07291666667,140996.15065789473
2018-12-28,205045.99581339714,30019.791666666664,110050.98958333333,139043.80065789475
2018-12-29,208442.7761164274,29956.119791666668,112106.81623931623,141645.91817295764
2018-12-30,210117.96551036683,30120.885416666664,115018.14102564103,143563.96110225056
2018-12-31,200068.7230861244,29916.472537878788,117867.63583638583,140187.12296984426
2019-01-01,210574.94318181818,32806.49234693877,114349.97916666667,145903.95468901846
2019-01-02,207108.08712121213,34210.38461538462,113311.71875,145257.31529209623
2019-01-03,213611.875,31992.678571428572,117345.35256410256,148693.69845360826
2019-01-04,207373.23863636365,32583.690476190473,110863.80208333333,143011.69642857142
2019-01-05,209116.60984848486,32644.01785714286,109191.90416666667,143120.64540816325
2019-01-06,202936.7803030303,32817.380952380954,106553.07723577236,138963.00841750842
2019-01-07,219397.0075757576,31660.80555555556,109260.39583333333,146452.4873737374
2019-01-08,219167.8409090909,31688.844202898552,110953.93331084121,147407.35777720698
2019-01-09,206400.58959156787,31580.706140350878,106525.65625,139559.2200417601
2019-01-10,202845.58959156784,31685.233918128655,111487.4465811966,140290.76395375084
2019-01-11,214597.85650623887,31788.25603864734,107087.87664473685,143461.05649135043
2019-01-12,207059.86408199646,31385.6783625731,109219.64583333333,140911.161902826
2019-01-13,220602.47771836008,31381.0,109788.8766025641,147159.3846839435
2019-01-14,223591.4584346135,31375.44444444444,110450.72418478262,148754.3919715249
2019-01-15,229498.3110516934,31507.898550724636,115557.87351190476,153463.22328294514
2019-01-16,223731.26559714795,31611.11111111111,115341.88541666667,150828.46231927114
2019-01-17,221882.21256684492,31638.833333333332,112222.09375,148750.33942364823
2019-01-18,221777.22451790635,31876.61111111111,114972.30208333333,149850.90029078667
2019-01-19,229972.30027548206,30145.46875,113103.93170677363,151252.65980392156
2019-01-20,232354.87603305784,30200.130208333336,117954.03846153847,154616.4053412917
2019-01-21,235554.98942917548,30261.345108695652,116522.06196581197,154667.41310061573
2019-01-22,224560.80338266384,30632.786458333336,119922.42324561403,151580.3217744455
2019-01-23,211318.45412163594,30561.510416666664,117941.5064102564,145320.35250523887
2019-01-24,211255.444214876,30399.973958333336,117863.32642031171,145235.44302202057
2019-01-25,212432.5275482094,30011.40625,117751.33547008547,145651.67470156107
2019-01-26,219354.40803382662,30161.532738095237,110208.625,144678.47544711182
2019-01-27,210860.221987315,29973.255208333336,113292.0625,142204.4861493725
2019-01-28,224131.5398167724,30074.401041666664,114382.45592948717,148425.7057168421
2019-01-29,220339.8731501057,30104.401041666664,115785.58092948717,147350.58787172424
2019-01-30,227138.51656095844,31732.80555555556,115050.88541666667,151479.4256338899
2019-01-31,218816.05027548212,31330.05555555556,116689.21875,149145.71510560147
2019-02-01,208095.87121212122,31721.25,115679.48958333333,144032.49158249158
2019-02-02,220806.0984848485,32110.416666666668,113170.3005952381,148726.6323953824
2019-02-03,217076.93181818182,31544.94444444444,113260.29110962567,147019.90718234034
2019-02-04,219667.8409090909,31589.63888888889,112379.84375,147822.45791245793
2019-02-05,216038.10606060605,30872.69444444444,114718.75,147375.4931972789
2019-02-06,210267.27272727274,29450.01001602564,112804.64136904762,142351.45815018314
2019-02-07,207364.2424242424,29821.171875,113359.64159632639,141638.2973628626
2019-02-08,206031.85606060605,29965.963541666664,107727.41174284653,138850.76910408432
2019-02-09,207104.77272727274,30051.328125,110687.26495726495,140507.42003367003
2019-02-10,209985.77020202018,30210.859375,107599.01709401711,140597.06369248035
2019-02-11,213622.13383838386,29997.8125,119591.72008547008,146903.19163860832
2019-02-12,211861.4015151515,31492.5,118510.52350427351,147104.0773809524
2019-02-13,208606.6666666667,30854.55555555556,118325.69444444444,145471.568877551
2019-02-14,209591.51515151514,28637.857142857145,121251.04643401984,145793.5933208687
2019-02-15,194623.40531561463,29405.963541666664,119252.39484930274,137654.54330980513
2019-02-16,196105.8250276855,30237.5,112194.12933684673,135631.8522482398
2019-02-17,202496.7441860465,29372.421875,107966.41954663694,136612.3378808045
2019-02-18,213192.48062015502,29495.364583333336,109260.44020190758,141840.40477422852
2019-02-19,220133.7140902873,29582.118055555555,109359.44305091043,144939.61095670154
2019-02-20,213978.79232966137,29701.197916666664,106912.39316239317,141284.59765485142
2019-02-21,221819.41860465117,29903.984375,111550.16447368421,146965.0
2019-02-22,209313.2142857143,29744.010416666664,107142.08333333333,140042.69540644542
2019-02-23,212972.95454545456,29695.46875,105891.4881850176,141168.74282036046
2019-02-24,213936.22110432386,30515.78125,110930.64102564103,143714.55786454797
2019-02-25,206221.06060606058,28956.83823529412,110695.67307692308,138831.24166666667
2019-02-26,201971.94067028986,28976.421568627447,109524.37678062677,136508.15250603863
2019-02-27,200555.1325757576,28376.446078431374,112378.0296092796,136895.6857142857
2019-02-28,200692.44318181818,28678.406862745094,115203.85571300045,138109.50789473683
2019-03-01,209051.17424242423,28820.63725490196,118181.41981556456,142972.77872807017
2019-03-02,209629.77272727274,28840.02450980392,113025.1484480432,141219.7120614035
2019-03-03,210452.55813953487,28341.91176470588,109160.49482681062,139278.09897217792
2019-03-04,208514.57364341084,28455.171568627447,108541.60667324129,138211.99235949237
2019-03-05,203982.5968992248,28264.4362745098,108350.84401709403,136135.65656565657
2019-03-06,205064.21664626684,28771.789215686273,113627.9057017544,139027.98111349804
2019-03-07,202500.29996629592,28731.9362745098,115374.51654704944,138573.3412653599
2019-03-08,202181.3077864608,28657.62254901961,118173.02927927928,139725.54537612866
2019-03-09,209577.81653746773,28810.735294117647,117387.81531531533,142731.72966781215
2019-03-10,212455.72351421192,28805.343137254902,120340.51801801803,145132.84650630012
2019-03-11,213458.6304909561,28960.245098039213,123317.17342342343,146740.00715922107
2019-03-12,211847.84237726097,29018.259803921566,119331.13669590642,144258.6819727891
2019-03-13,210499.57733480987,29180.514705882353,119968.84868421052,143942.5186264982
2019-03-14,212881.262779463,29825.442708333336,115984.98626373627,144433.83517485668
2019-03-15,210343.51421188627,29872.786458333336,116397.19017094017,143492.1031746032
2019-03-16,208212.4988600091,28996.348039215685,115357.80589293745,140858.8868431477
2019-03-17,208005.1766490216,29092.263931888545,118888.39912280702,142413.77805527244
2019-03-18,199377.22754217967,29026.94479965899,116175.85940768632,137348.86225058278
2019-03-19,199737.69265845872,29120.32212885154,117081.01988823143,137878.0407691437
2019-03-20,202716.3572109605,29195.602240896358,117910.92948717948,139511.66513299535
2019-03-21,204042.30340339095,29200.504201680673,113089.34829059828,138189.01213240117
2019-03-22,208357.00030399754,29035.077030812325,114215.3311965812,140478.23474002397
2019-03-23,208667.9822161423,28756.715686274507,111069.03846153847,139326.0596157655
2019-03-24,209235.01367989057,28495.02450980392,110192.28632478633,139182.02193503664
2019-03-25,208735.21424971457,28445.74229691877,108360.79594017095,138234.9785197173
2019-03-26,213303.30409008902,28591.803221288515,109289.00058275058,140609.83589255562
2019-03-27,204753.64113087094,28858.970588235294,116334.38343454793,139956.2820320436
2019-03-28,211225.67093645065,28747.647058823528,105712.86324786325,138325.40926196007
2019-03-29,213117.42850628626,28631.56862745098,107047.56578947368,139985.64890241812
2019-03-30,213201.1403508772,28635.563725490196,105018.39912280701,139236.25290905836
2019-03-31,215713.41085271316,28497.352941176472,104391.97293447294,139711.29910213244
2019-04-01,216427.17054263566,28360.959383753503,107913.23464912281,141726.60775024295
2019-04-02,214720.58139534883,28812.696078431374,107918.61144338117,141058.24559369203
2019-04-03,214928.9147286822,28953.175770308124,97995.38541666666,136539.62738095238
2019-04-04,217243.06201550385,29027.629551820726,101512.02533577532,139332.22582972582
2019-04-05,216024.7157622739,30316.822916666664,104784.15598290598,141435.85742630385
2019-04-06,218684.03654485047,28829.20716112532,103047.18304843306,140528.79022279385
2019-04-07,219581.0465116279,27908.630030959754,101572.18679712102,140179.26258195995
2019-04-08,215884.3410852713,28608.213981244673,103300.71581196581,139374.6891011565
2019-04-09,215164.51827242525,28858.72549019608,105000.6391402715,139774.7226820021
2019-04-10,208082.01550387594,28927.3689258312,105005.84401709402,136712.32176840873
2019-04-11,214347.90697674418,30428.12193627451,105008.13644688645,140807.42114703025
2019-04-12,218991.31782945734,30519.114583333336,109292.20800817541,144564.57767672287
2019-04-13,217310.91675092687,30442.14962121212,108336.17567818656,143434.2312824339
2019-04-14,222297.29323308272,30398.901515151516,105043.88395792243,143500.8269524832
2019-04-15,226871.07142857142,30663.75,103916.54914529914,145071.65378006874
2019-04-16,221774.9557032115,30695.677083333336,111877.58012820513,146843.6689139942
2019-04-17,225985.50387596898,30419.57427536232,111664.797008547,148561.3973306714
2019-04-18,225643.4496124031,30249.817708333332,111819.32081807082,148445.09110787173
2019-04-19,225310.11627906977,30424.21674679487,111881.05762594893,148351.87464653802
2019-04-20,224445.7751937984,30546.71875,111851.84038184039,147980.996002297
2019-04-21,228110.50387596898,30316.536458333336,100699.02706552706,145113.04393424036
2019-04-22,213591.5200539265,30398.194444444445,106164.85608345903,140930.9781702536
2019-04-23,206489.37984496125,30481.015625,113091.13813474108,140584.63235294117
2019-04-24,202034.08268733852,32568.63888888889,115866.56282249742,141447.1304806645
2019-04-25,212684.59948320413,32435.30555555556,118292.20651080944,146859.41664982145
2019-04-26,218898.00957592338,30132.59548611111,118318.61111111111,148052.67115179406
2019-04-27,220739.37984496125,30262.005208333336,117897.38247863248,148714.11564625852
2019-04-28,224563.10065519475,30268.880208333336,117683.65291713118,150307.93750280433
2019-04-29,223791.30452521596,30519.401041666668,121070.36088863463,151670.20850535124
2019-04-30,219195.28559771524,30718.741319444445,120874.66008771928,149589.01263037318
2019-05-01,216661.40382261557,30658.619791666664,121012.7302631579,148509.91784576428
2019-05-02,202985.7180742554,29857.65625,115820.12061403508,140281.16454150842
2019-05-03,201890.75683394534,29616.953125,112300.38377192982,138377.1997648761
2019-05-04,198467.30722154223,15907.52777777778,92170.70175438595,127866.60201937135
2019-05-05,197233.7800897593,14749.765625,92045.70175438595,125925.623304395
2019-05-06,196203.74133006937,20269.04605263158,91962.98076923077,125996.1414697458
2019-05-07,201559.72139651453,20304.557291666668,90907.33974358975,127931.91006853868
2019-05-08,197944.43900448794,20320.0,87352.37470862472,124933.4029676464
2019-05-09,198549.0901672787,20339.010416666668,108912.79761904762,133781.98113267863
2019-05-10,209940.95063239493,20491.40625,109984.04605263157,139533.16625972147
2019-05-11,212448.7074486013,21702.916666666668,114984.29824561403,144065.01566274153
2019-05-12,211339.24141749722,22122.053571428572,108998.58974358975,142169.17844742062
2019-05-13,210533.68829049368,22413.660714285714,115160.69078947368,144661.5378578024
2019-05-14,210426.76910299002,21804.255952380954,115588.32236842105,144694.38847117795
2019-05-15,210514.86753556522,22025.70512820513,116638.40811965812,146182.8567090804
2019-05-16,210594.41860465117,22111.891025641027,117162.98076923077,146446.00877192983
2019-05-17,215017.6154364678,21944.326923076922,116983.05921052632,148684.99961455443
2019-05-18,215744.50669485552,21707.884615384617,105138.2456140351,144196.48533204384
2019-05-19,222256.0465116279,31591.84523809524,102648.80341880342,145860.4079861111
2019-05-20,222918.83720930232,32263.185448092285,102009.15570175438,146458.34224147323
2019-05-21,221356.82170542638,33241.469780219784,99405.28846153847,145550.4072681704
2019-05-22,218751.00775193798,30950.30555555556,99443.75,141740.764604811
2019-05-23,213949.84496124033,29486.333333333332,101675.60307017544,140685.53385416666
2019-05-24,219143.6434108527,29730.926900584793,99119.81837606838,141596.01532826913
2019-05-25,217572.90697674418,29614.81642512077,97953.93162393162,140412.99566711488
2019-05-26,222527.36434108525,30151.601449275364,98022.30769230769,142719.80091139997
2019-05-27,223989.99494438825,30151.277777777774,100506.74342105263,144823.90832578504
2019-05-28,221974.33403805495,30165.166666666668,93322.53289473684,141079.48035037878
2019-05-29,220774.45736434107,30703.972222222226,111162.0817669173,147687.71205357142
2019-05-30,229757.01550387594,30268.25,111083.05921052632,151611.78819444444
2019-05-31,232130.6312292359,28970.911458333336,113977.19594594595,152732.3747519841
2019-06-01,232697.90697674418,28778.081597222223,116529.03508771928,153552.1921534937
2019-06-02,233046.7441860465,29097.770833333336,116546.57894736843,153766.43642611685
2019-06-03,233430.8864172565,29324.296875,112200.08771929824,152271.34226057073
2019-06-04,230453.19238900635,29316.614583333336,115139.3581081081,152486.55579229796
2019-06-05,225069.41168327795,28215.58823529412,115139.3581081081,148637.17476681393
2019-06-06,222832.5968992248,30151.041666666664,107254.22297297297,146173.17274305556
2019-06-07,231772.51937984498,28588.570261437908,108179.89864864865,149019.3843069874
2019-06-08,234531.24031007753,29225.612745098042,109435.22522522524,150832.80498281788
2019-06-09,234613.8153016515,29004.509803921566,109435.22522522524,150830.66039145374
2019-06-10,227469.5308037536,28916.281969309464,109586.42178362573,147316.84332466777
2019-06-11,220074.84496124033,29100.297314578,109535.9831871345,144084.59947747213
2019-06-12,222037.0542635659,29177.76960784314,108652.13815789473,144616.2925170068
2019-06-13,227136.86046511628,29107.401960784315,113767.2697368421,148825.1743197279
2019-06-14,226769.43622269205,28859.3837535014,113301.26096491229,148440.2367148158
2019-06-15,223252.17054263566,29085.03623188406,112381.17117117117,146931.8792021515
2019-06-16,223698.1838316722,29157.598039215685,113850.08771929824,147357.1878036929
2019-06-17,223383.26135105206,29241.468456947998,110957.85256410256,145756.9843622561
2019-06-18,218392.95127353267,29177.720588235294,109640.95394736843,143400.75923226433
2019-06-19,216279.9667774086,28947.965686274507,106291.18589743589,140782.9316979317
2019-06-20,227843.92026578073,28803.35784313726,107259.375,146559.20310981537
2019-06-21,227614.26910299002,29123.406862745094,106086.05769230769,145655.2296777297
2019-06-22,229321.24584717606,29499.117647058825,108850.08771929824,147944.91739552963
2019-06-23,226641.0912698413,29115.58823529412,107376.40350877194,146944.20554753888
2019-06-24,224357.316017316,29135.147058823528,99841.11111111111,142608.2273809524
2019-06-25,229746.63344407533,29456.27450980392,102693.58552631579,145736.91994655004
2019-06-26,227470.47065337765,29711.22549019608,107719.90131578948,146731.40123906705
2019-06-27,225302.8349944629,29429.41176470588,105998.4100877193,145063.8927356657
2019-06-28,227978.2225913621,29248.284313725493,106062.00657894737,146231.0270894072
2019-06-29,229284.81173864895,29136.987522281637,105108.05921052632,146415.12186368054
2019-06-30,219712.1373200443,29009.4362745098,106062.00657894737,142562.638483965
2019-07-01,227578.41638981175,29043.75,100164.82905982906,143293.37361712364
2019-07-02,230995.08305647838,29209.656862745094,104377.79605263157,146894.98967444123
2019-07-03,225774.7342192691,29574.06862745098,104377.79605263157,144667.6427356657
2019-07-04,236533.84274640091,29433.210784313727,85820.43918918919,142749.23784977908
2019-07-05,239476.67220376522,29406.789215686273,104377.79605263157,150650.6997084548
2019-07-06,238548.6434108527,29292.352941176472,104376.40350877194,150223.11224489796
2019-07-07,230992.76485788112,29343.897058823528,79593.24786324786,136723.9576318743
2019-07-08,233888.75968992247,29351.446078431374,98191.95512820513,145309.87373737374
2019-07-09,228283.9534883721,29205.109761295822,95762.15625,141431.83115942028
2019-07-10,236131.0465116279,29175.85784313726,99387.15625,146251.10833333334
2019-07-11,229599.06976744186,29211.078431372553,101804.0064102564,144845.50084175085
2019-07-12,236076.78294573643,29349.534313725493,101804.0064102564,147682.8282828283
2019-07-13,238723.92441860464,29523.72549019608,104455.35087719299,150370.76955782314
2019-07-14,238689.0406976744,29606.666666666668,104140.65789473684,150247.8273809524
2019-07-15,238217.14147286824,29539.656862745094,99280.57291666666,147167.34166666667
2019-07-16,233550.47480620153,29663.08823529412,99263.90625,145174.99166666667
2019-07-17,232608.12984496125,29577.32843137255,103193.75,146762.8324915825
2019-07-18,232385.26162790696,29677.720588235294,95578.36538461539,143683.2702020202
2019-07-19,233054.91832779624,29592.647058823528,96483.90625,143837.9273809524
2019-07-20,232310.4554263566,29565.882352941175,94657.58333333334,142782.72916666666
2019-07-21,231545.92054263566,29644.289215686273,97059.05982905983,143896.27104377106
2019-07-22,231363.75,29667.79411764706,90558.90625,140753.5
2019-07-23,227355.02906976745,29633.35784313726,96804.0064102564,141973.63215488216
2019-07-24,229157.2093023256,29656.691176470587,95906.57051282052,142406.8686868687
2019-07-25,227530.27131782944,29454.944586530266,93583.90625,140278.9197463768
2019-07-26,234135.89147286824,29530.6862745098,96804.0064102564,144901.22474747474
2019-07-27,233433.37209302327,29701.960784313724,96802.64957264958,144624.96632996632
2019-07-28,236384.92248062015,29566.88725490196,94482.58333333334,144464.92083333334
2019-07-29,237179.49612403102,29486.91176470588,101162.98076923077,147932.84932659933
2019-07-30,230618.66026289182,29572.69607843137,97783.90625,143306.94474637683
2019-07-31,231765.3488372093,29604.166666666668,97783.90625,143805.37083333335
2019-08-01,228291.12403100776,29297.352941176472,97197.16880341881,142477.4031986532
2019-08-02,235507.98449612406,30172.708333333336,98094.6047008547,147298.94132653062
2019-08-03,233947.90697674418,29326.125319693092,100238.54700854702,146137.44912897085
2019-08-04,229389.76744186046,29478.995098039213,99892.39316239317,144047.53787878787
2019-08-05,226184.34108527136,29523.11274509804,97433.40625,141251.55833333335
2019-08-06,209546.3565891473,29428.16176470588,100965.88675213675,135842.8451178451
2019-08-07,221599.84496124033,29342.79411764706,98532.08333333334,139689.04166666666
2019-08-08,223894.92424242423,28999.4362745098,98633.40625,141482.21122112212
2019-08-09,224046.06060606058,29311.45276292335,99654.64743589744,142428.52613636362
2019-08-10,223105.3409090909,29406.490196078434,97655.07122507122,141250.93111111113
2019-08-11,222690.56818181818,29488.284313725493,101765.87719298246,143098.88047138046
2019-08-12,220420.68181818182,29428.014705882353,95004.0064102564,139039.425
2019-08-13,202057.23484848486,29583.063725490196,97546.875,132325.37037037036
2019-08-14,204635.6976744186,29406.985294117647,95200.58760683761,131435.11784511784
2019-08-15,208470.96899224806,29373.48039215686,96549.82291666666,133255.9375
2019-08-16,226782.98449612406,29172.5,96221.69791666666,140964.6875
2019-08-17,219415.73643410852,29353.700980392154,95809.86111111111,137662.84027777778
2019-08-18,235148.2945736434,29441.83823529412,93559.86111111111,143542.82361111112
2019-08-19,236026.20155038757,29330.5637254902,91335.9829059829,143533.8341750842
2019-08-20,235890.54263565893,29190.710784313727,96681.35683760683,145556.64983164985
2019-08-21,234114.57364341084,27507.03431372549,101149.30555555555,146256.2542087542
2019-08-22,234436.24202551832,25878.014705882353,101261.48504273503,147043.18815789474
2019-08-23,224810.29505582136,29203.52621483376,102268.36622807017,144184.95802803012
2019-08-24,227967.49202551835,29239.709383753503,98034.48717948717,143509.89708646617
2019-08-25,220735.48444976078,29009.14215686274,98265.2564102564,140378.6173245614
2019-08-26,220287.5677830941,29179.583333333332,97509.94791666666,139496.0773840542
2019-08-27,214145.68181818182,29190.882352941175,100461.05769230769,138366.3625
2019-08-28,211079.39393939395,29274.215686274507,100962.03125,136867.68564356436
2019-08-29,213033.93939393942,29249.36274509804,103318.60176282052,138648.28287636457
2019-08-30,207047.76515151514,29389.779411764706,103370.36458333334,136084.5792079208
2019-08-31,219764.62121212122,29317.629233511587,99294.04166666666,139998.06630663067
2019-09-01,216532.61363636365,29161.666666666668,98126.33333333334,138101.35313531352
2019-09-02,227933.18181818182,29153.431372549017,103460.98958333334,145179.2863036304
2019-09-03,215787.3484848485,31198.0,107178.69791666667,143936.9823232323
2019-09-04,222495.68181818182,30263.50818452381,106992.23958333333,145537.15714285715
2019-09-05,229622.93460925043,29191.789215686273,99782.37847222222,144464.996815471
2019-09-06,233947.1317829457,29363.333333333332,98225.63244047618,144879.2863095238
2019-09-07,223676.29844961243,28968.72549019608,101675.5,141775.69166666665
2019-09-08,231904.98062015502,20174.19757033248,96970.75091575092,142391.2607179455
2019-09-09,227146.25968992247,20307.083333333332,93294.6047008547,138898.9814814815
2019-09-10,214747.42248062015,20307.083333333336,93229.64743589744,133488.03872053872
2019-09-11,214819.78682170543,19683.36007130125,97271.10042735044,135004.4532445669
2019-09-12,225145.3682170543,19824.6547314578,95010.57291666667,138186.92880434784
2019-09-13,227794.29280565758,19793.431372549017,93281.82291666667,138629.15840643275
2019-09-14,228012.55615185847,19764.68137254902,90880.91666666666,137757.76164529915
2019-09-15,215608.4863844166,19874.97549019608,91091.95833333334,132527.1783119658
2019-09-16,218397.2460743391,19778.45588235294,85956.82291666666,131655.88247863247
2019-09-17,221100.9431524548,19793.16176470588,83542.44791666666,131855.22222222222
2019-09-18,211058.68686868687,19709.06862745098,94730.78125,132780.8677117712
2019-09-19,229130.46511627908,19498.284313725493,95305.15625,139962.87083333335
2019-09-20,228543.2558139535,19536.82220965309,95523.28125,139804.17227564103
2019-09-21,223135.07575757572,19625.491071428572,93205.36585365854,138152.19000471476
2019-09-22,219074.01679841898,19585.896358543418,90291.125,134493.68294282845
2019-09-23,225789.43181818182,19617.24150529777,95332.65625,139421.13223356497
2019-09-24,223301.7424242424,19749.60784313726,97181.18566176471,139091.7566977286
2019-09-25,226119.92424242423,19825.980392156864,93301.40625,138795.7879537954
2019-09-26,230813.21705426357,19719.862745098042,95122.23958333334,140650.95583333334
2019-09-27,229584.01350461133,19784.517345399698,96621.54513888889,141612.82370921038
2019-09-28,228226.8777056277,19805.58823529412,96633.84703947368,141030.01485768877
2019-09-29,228067.7867965368,19800.6862745098,96310.29166666666,140831.7421027817
2019-09-30,223977.82467532466,19680.882352941175,94125.92013888889,138164.71377494893
2019-10-01,217571.93798449615,19917.370766488413,95590.15625,135177.94886363635
2019-10-02,222031.24031007753,19324.233511586455,96430.71581196581,137743.971916131
2019-10-03,223528.41269841272,20414.270833333336,103129.11184210527,142017.99913194444
2019-10-04,220115.18939393942,19321.274509803923,102425.0992063492,140081.0886904762
2019-10-05,224938.27075098816,19503.936651583714,95429.9593495935,138641.95264170328
2019-10-06,218225.7142857143,19571.084198385237,94102.55829536317,135223.96813778303
2019-10-07,219206.0984848485,19538.098039215685,101341.37648809524,138919.5154408298
2019-10-08,213870.0275482094,19256.63992869875,100343.03861788618,135801.06543374926
2019-10-09,206913.67424242423,19636.24777183601,96370.96175166297,131266.93441770648
2019-10-10,214220.07936507938,19821.062951496388,104068.4650997151,136661.95451426186
2019-10-11,201310.79889807163,19740.465686274507,103406.26736111111,131975.38378837882
2019-10-12,199838.6111111111,19726.789215686273,100900.36272670419,130050.67820931792
2019-10-13,202290.31565656562,19750.35755478662,96995.82551594746,129542.73346543242
2019-10-14,203722.702020202,19637.317290552583,98771.43527204503,130855.51106845224
2019-10-15,214581.79292929292,19792.9679144385,96403.32629768604,134613.87962391638
2019-10-16,217849.5865633075,19855.005767012684,98713.90625,136536.2357026144
2019-10-17,221817.60981912146,19938.33910034602,101504.16666666666,139372.7565359477
2019-10-18,227430.01291989666,19550.502983802216,104339.6796106119,142473.0294090622
2019-10-19,221238.1524547804,19660.797101449276,109833.26785714287,142408.04820565908
2019-10-20,213260.74314574312,19766.284313725493,107389.30894308943,138455.50194522255
2019-10-21,201743.15656565654,19733.946078431374,105596.73994437313,132761.19911707373
2019-10-22,209017.2095959596,19511.8137254902,108273.7139423077,137221.84765591944
2019-10-23,208747.66758494033,19386.332839772065,105774.4649689144,135796.25584057832
2019-10-24,198280.46717171717,19430.374331550804,104501.87084257205,130776.80023271935
2019-10-25,220993.79361799816,19342.20588235294,106862.76041666667,141852.02807780777
2019-10-26,226879.2361111111,19440.428921568626,105448.46365914788,143872.3982863512
2019-10-27,236078.09974747474,19344.50906678461,102757.17770034843,146366.05224253444
2019-10-28,234364.84217171717,19511.3137254902,103009.15096082778,145756.08410081203
2019-10-29,228659.34974747474,19915.539215686273,103013.28639179248,143363.92448646127
2019-10-30,226302.72095959596,19944.38725490196,102949.59674484853,142326.54678523866
2019-10-31,234186.52777777778,19456.64215686274,103343.95325203252,145804.62962962964
2019-11-01,222876.23737373736,19841.69871794872,103611.12804878049,141097.2507122507
2019-11-02,227787.28917077754,19014.976851851854,97862.16666666666,139124.84835983597
2019-11-03,232786.32017852945,19773.13725490196,102865.2564102564,145027.27374757678
2019-11-04,225605.5704775023,20102.647058823528,97987.04413472707,140057.44029935208
2019-11-05,223194.58562901744,19819.70588235294,96307.47531939605,138295.12995854908
2019-11-06,215659.73410576352,19878.529411764706,97913.55352303523,135700.18622645136
2019-11-07,219847.8914141414,20910.868055555555,100154.60807705903,139744.75289376764
2019-11-08,211408.87626262626,21179.925925925923,104538.90389082463,139057.84503968255
2019-11-09,223233.87626262626,21147.88888888889,104813.29268292683,144368.53888888887
2019-11-10,221986.71717171717,21220.111111111113,105666.21951219512,144180.32222222222
2019-11-11,225500.92171717173,21034.0,109316.87633718444,147195.42485380117
2019-11-12,225256.88888888888,20601.222222222226,103650.03048780488,145497.32260726072
2019-11-13,216163.23066926573,20525.11111111111,102786.73780487805,141083.94353251116
2019-11-14,216989.4197530864,20513.25925925926,109546.80168408828,144194.4717507465
2019-11-15,219753.70546737214,20543.417989417987,112878.52746212122,147122.09114357864
2019-11-16,221946.2098765432,19816.25,112904.60714285713,146740.82901147258
2019-11-17,218019.97530864197,20249.959595959594,111065.93495934959,145231.20412041203
2019-11-18,218203.7848324515,20173.84126984127,110409.94791666667,145381.75853174602
2019-11-19,217751.45679012345,19622.51851851852,109513.90625,144737.09583333333
2019-11-20,213857.01234567902,18639.02960526316,113158.99138254907,143349.9069315918
2019-11-21,211327.38271604938,18710.0,111414.26282051283,141542.48472222223
2019-11-22,212757.62962962964,19194.457236842107,111284.34829059828,142212.94232456142
2019-11-23,217511.09683794464,18565.784313725493,112384.91452991453,142691.18260869564
2019-11-24,220240.7575757576,19517.8125,114302.64957264956,146067.49158249158
2019-11-25,215561.7803030303,19463.645833333336,114050.58760683761,143879.8947811448
2019-11-26,207373.55555555556,19259.901960784315,108714.3131127451,137331.38095924645
2019-11-27,206101.33333333334,19356.960784313727,112003.15725940726,138334.17293515065
2019-11-28,208218.37037037036,19264.967320261436,113793.32264957264,139953.17519251924
2019-11-29,210868.9259259259,19230.490196078434,113685.24797570851,141086.5809015112
2019-11-30,214121.75,19300.58823529412,111039.18803418803,141525.91171617163
2019-12-01,219325.45370370368,19306.960784313727,104227.5,141585.0875
2019-12-02,227481.00925925924,19169.37908496732,98873.45085470086,142758.3113311331
2019-12-03,228192.44444444444,19214.995737425405,104770.88414634146,144572.05026734207
2019-12-04,218982.15740740742,19051.568627450983,111435.86458333333,143485.37581699347
2019-12-05,221680.40740740742,19357.941176470587,102808.40419501133,140602.464514652
2019-12-06,221457.62962962964,19287.282913165265,101231.22023809524,139857.58070054944
2019-12-07,218335.8148148148,19313.169934640522,98636.43890483023,137840.0927247922
2019-12-08,225337.36070853463,19352.385620915033,97467.208994709,140026.870819398
2019-12-09,228002.55555555556,19307.317290552583,96137.57665945166,140635.74628496502
2019-12-10,224840.14814814818,19374.444444444445,97444.71951659452,139806.254249223
2019-12-11,221269.32170542638,19283.75816993464,100474.94791666666,138614.0263888889
2019-12-12,226459.86434108525,19612.189542483662,100130.78125,140764.1263888889
2019-12-13,208741.72222222222,19784.369138959933,97243.99801587302,132826.53550027873
2019-12-14,212868.22984749454,19601.078431372553,110716.41260162603,140307.39410812868
2019-12-15,225129.15795206974,19289.3137254902,103807.81746031746,142487.1036010558
2019-12-16,228061.8011272142,19321.666666666668,104836.19791666666,144948.0127522023
2019-12-17,229936.75252525252,19732.941176470587,102487.88956639566,144510.84792095714
2019-12-18,227789.4544159544,19649.771241830065,104953.25854700855,145324.24399170684
2019-12-19,229082.09259259258,19377.058823529413,100492.12398373983,143284.28398058252
2019-12-20,229529.55555555556,19692.254901960787,99587.94642857143,142752.80849358975
2019-12-21,220597.4009661836,18880.98039215686,104791.51422764227,141206.9106162938
2019-12-22,208629.07936507935,18977.058823529413,105029.04471544715,136088.44082293112
2019-12-23,213177.70370370368,18944.70588235294,102952.43055555555,136914.0264423077
2019-12-24,216021.74074074076,18849.607843137255,101575.0496031746,137572.82451923078
2019-12-25,215223.48148148146,18629.346405228756,105729.85772357724,139191.06526429343
2019-12-26,210521.66329966328,18825.58823529412,106570.98577235773,137504.08024418948
2019-12-27,215490.9259259259,18773.62745098039,103867.90674603175,138256.68669871794
2019-12-28,215309.51851851854,18484.738562091505,104209.72883597884,138269.01442307694
2019-12-29,218024.14814814815,18482.287581699347,106788.86856368564,140811.93365695793
2019-12-30,212496.22222222222,23427.1875,109175.36458333333,141625.5404290429
2019-12-31,217699.37037037036,23260.520833333336,106451.57520325202,142481.90767973856
